#    0.000   0.000   0.000 ;Mean Elev.(m), Avg Gradient(m/km), RMS Gradient(m/km) - SRTM1     
#    0.000   0.000   0.000 ;Mean Elev.(m), Avg Gradient(m/km), RMS Gradient(m/km) - ASTER GDEM
#    2.681  -1.700   2.119 ;Mean Elev.(m), Avg Gradient(m/km), RMS Gradient(m/km) - GMTED2010 
   1     3.107 54660.56114723 45.91 285.283528  10.868822   -100 -100.00 -100.00 -100.00
   1     3.044 54660.56114782 46.85 285.284461  10.871314   -100 -100.00 -100.00 -100.00
   1     2.861 54660.56114841 47.90 285.285393  10.873805   -100 -100.00 -100.00 -100.00
   2     2.959 54670.47679230 42.49 285.280650  10.867699   -100 -100.00 -100.00 -100.00
   2     3.028 54670.47679289 40.05 285.281582  10.870191   -100 -100.00 -100.00 -100.00
   2     2.895 54670.47679348 43.23 285.282514  10.872682   -100 -100.00 -100.00 -100.00
   2     2.942 54670.47679407 43.72 285.283446  10.875174   -100 -100.00 -100.00 -100.00
   3     3.261 54680.39243537 32.41 285.278533  10.865926 15.624 -100.00 -100.00 -100.00
   3     3.103 54680.39243596 36.41 285.279465  10.868417 30.588 -100.00 -100.00 -100.00
   3     2.884 54680.39243655 40.22 285.280397  10.870909   -100 -100.00 -100.00 -100.00
   4     3.367 54690.30807794 46.08 285.279947  10.866046   -100 -100.00 -100.00 -100.00
   4     3.423 54690.30807853 48.72 285.280879  10.868538   -100 -100.00 -100.00 -100.00
   4     3.206 54690.30807912 50.82 285.281810  10.871029   -100 -100.00 -100.00 -100.00
   4     3.267 54690.30807971 51.50 285.282742  10.873520   -100 -100.00 -100.00 -100.00
   5     3.260 54700.22371877 46.18 285.284200  10.867580   -100 -100.00 -100.00 -100.00
   5     3.718 54700.22371936 47.80 285.285132  10.870071 30.047 -100.00 -100.00 -100.00
   5     3.311 54700.22371995 51.20 285.286064  10.872562   -100 -100.00 -100.00 -100.00
   7     3.107 54720.05501477 35.18 285.282865  10.866975 25.244 -100.00 -100.00 -100.00
   7     3.093 54720.05501536 35.46 285.283797  10.869466 27.756 -100.00 -100.00 -100.00
   7     3.075 54720.05501595 40.89 285.284729  10.871957   -100 -100.00 -100.00 -100.00
   8     3.123 54729.97066307 33.59 285.278786  10.866632 18.641 -100.00 -100.00 -100.00
   8     2.980 54729.97066366 36.23 285.279718  10.869124   -100 -100.00 -100.00 -100.00
   8     3.298 54729.97066426 40.07 285.280651  10.871615   -100 -100.00 -100.00 -100.00
   9     3.397 54739.88630963 46.20 285.274254  10.863990   -100 -100.00 -100.00 -100.00
   9     3.525 54739.88631022 49.15 285.275186  10.866481   -100 -100.00 -100.00 -100.00
   9     3.136 54739.88631081 49.15 285.276118  10.868973 16.938 -100.00 -100.00 -100.00
  10     3.413 54749.80195669 49.21 285.271926  10.862154   -100 -100.00 -100.00 -100.00
  10     3.291 54749.80195728 50.89 285.272858  10.864646   -100 -100.00 -100.00 -100.00
  10     3.129 54749.80195788 53.10 285.273790  10.867137 24.707 -100.00 -100.00 -100.00
  10     3.169 54749.80195847 48.01 285.274722  10.869629   -100 -100.00 -100.00 -100.00
  11     2.954 54759.71760397 43.40 285.271314  10.861396  7.847 -100.00 -100.00 -100.00
  11     3.026 54759.71760456 39.46 285.272246  10.863888   -100 -100.00 -100.00 -100.00
  11     3.018 54759.71760515 46.19 285.273178  10.866379 19.480 -100.00 -100.00 -100.00
  11     3.048 54759.71760574 41.24 285.274110  10.868870   -100 -100.00 -100.00 -100.00
  12     3.124 54769.63324975 49.14 285.273180  10.863671 11.092 -100.00 -100.00 -100.00
  12     3.196 54769.63325034 52.06 285.274112  10.866162 14.424 -100.00 -100.00 -100.00
  12     3.254 54769.63325093 52.86 285.275044  10.868654  5.733 -100.00 -100.00 -100.00
  13     3.442 54779.54889153 48.84 285.274646  10.863381   -100 -100.00 -100.00 -100.00
  13     3.430 54779.54889212 49.61 285.275578  10.865873   -100 -100.00 -100.00 -100.00
  13     3.233 54779.54889271 52.99 285.276510  10.868364 18.321 -100.00 -100.00 -100.00
  13     3.329 54779.54889330 48.82 285.277442  10.870856   -100 -100.00 -100.00 -100.00
  14     3.576 54789.46453083 37.91 285.276345  10.864251 24.917 -100.00 -100.00 -100.00
  14     3.367 54789.46453142 35.34 285.277277  10.866743 17.567 -100.00 -100.00 -100.00
  14     3.405 54789.46453201 38.21 285.278209  10.869234 24.843 -100.00 -100.00 -100.00
  15     3.313 54799.38016908 44.42 285.278229  10.866580   -100 -100.00 -100.00 -100.00
  15     3.518 54799.38016967 46.66 285.279161  10.869071   -100 -100.00 -100.00 -100.00
  15     3.220 54799.38017026 47.03 285.280093  10.871563   -100 -100.00 -100.00 -100.00
  17     3.526 54819.21144504 33.64 285.283792  10.868722 14.457 -100.00 -100.00 -100.00
  17     3.471 54819.21144563 32.46 285.284725  10.871213 14.678 -100.00 -100.00 -100.00
  17     3.393 54819.21144622 31.87 285.285657  10.873705 10.924 -100.00 -100.00 -100.00
  18     3.277 54829.12709651 34.20 285.281460  10.866718 17.477 -100.00 -100.00 -100.00
  18     3.050 54829.12709710 32.91 285.282392  10.869210 15.785 -100.00 -100.00 -100.00
  18     3.199 54829.12709769 33.43 285.283324  10.871701 18.163 -100.00 -100.00 -100.00
  18     2.886 54829.12709828 36.81 285.284256  10.874193 30.297 -100.00 -100.00 -100.00
  19     2.946 54839.04273474 31.86 285.277882  10.865483 17.241 -100.00 -100.00 -100.00
  19     2.881 54839.04273533 34.22 285.278814  10.867975 26.134 -100.00 -100.00 -100.00
  19     2.861 54839.04273593 37.08 285.279746  10.870467   -100 -100.00 -100.00 -100.00
  20     2.727 54848.95838325 32.83 285.273004  10.863818 24.812 -100.00 -100.00 -100.00
  20     2.387 54848.95838384 35.46 285.273937  10.866310   -100 -100.00 -100.00 -100.00
  20     2.466 54848.95838443 37.88 285.274869  10.868802   -100 -100.00 -100.00 -100.00
  21     2.314 54858.87403040 36.34 285.267433  10.857074   -100 -100.00 -100.00 -100.00
  21     2.319 54858.87403099 34.60 285.268365  10.859566   -100 -100.00 -100.00 -100.00
  21     2.383 54858.87403158 33.62 285.269297  10.862057   -100 -100.00 -100.00 -100.00
  21     2.456 54858.87403217 31.38 285.270229  10.864549 19.585 -100.00 -100.00 -100.00
  21     2.494 54858.87403276 33.39 285.271161  10.867041 28.412 -100.00 -100.00 -100.00
  21     2.517 54858.87403335 37.57 285.272093  10.869533   -100 -100.00 -100.00 -100.00
  22     1.989 54868.78967922 30.73 285.265833  10.855889 24.083 -100.00 -100.00 -100.00
  22     1.994 54868.78967981 32.21 285.266765  10.858381 28.895 -100.00 -100.00 -100.00
  22     2.016 54868.78968040 28.76 285.267697  10.860873 17.326 -100.00 -100.00 -100.00
  22     2.043 54868.78968099 31.86 285.268629  10.863365 26.915 -100.00 -100.00 -100.00
  22     2.036 54868.78968158 31.80 285.269561  10.865857 25.070 -100.00 -100.00 -100.00
  22     2.102 54868.78968217 36.00 285.270493  10.868349   -100 -100.00 -100.00 -100.00
  23     2.022 54878.70532774 43.90 285.266737  10.856298  1.832 -100.00 -100.00 -100.00
  23     2.089 54878.70532833 44.03 285.267669  10.858790   -100 -100.00 -100.00 -100.00
  23     2.197 54878.70532892 45.14 285.268601  10.861282   -100 -100.00 -100.00 -100.00
  23     1.819 54878.70532951 47.12 285.269533  10.863774 13.165 -100.00 -100.00 -100.00
  23     1.768 54878.70533010 50.31 285.270465  10.866266   -100 -100.00 -100.00 -100.00
  23     1.789 54878.70533069 44.65 285.271397  10.868758 24.890 -100.00 -100.00 -100.00
  24     1.999 54888.62097399 37.22 285.270151  10.860394   -100 -100.00 -100.00 -100.00
  24     1.656 54888.62097458 33.89 285.271083  10.862886   -100 -100.00 -100.00 -100.00
  24     1.709 54888.62097517 32.37 285.272015  10.865378 27.676 -100.00 -100.00 -100.00
  24     1.687 54888.62097576 36.77 285.272947  10.867870   -100 -100.00 -100.00 -100.00
  25     1.744 54898.53661591 34.76 285.270601  10.861468   -100 -100.00 -100.00 -100.00
  25     1.837 54898.53661650 28.56 285.271534  10.863959 17.370 -100.00 -100.00 -100.00
  25     1.470 54898.53661709 31.86 285.272466  10.866451 32.291 -100.00 -100.00 -100.00
  25     1.612 54898.53661768 34.80 285.273398  10.868943   -100 -100.00 -100.00 -100.00
  26     1.686 54908.45225372 43.68 285.267812  10.857527   -100 -100.00 -100.00 -100.00
  26     1.727 54908.45225431 35.16 285.268744  10.860018 20.784 -100.00 -100.00 -100.00
  26     1.489 54908.45225490 36.31 285.269676  10.862510   -100 -100.00 -100.00 -100.00
  26     1.379 54908.45225549 33.17 285.270609  10.865002 20.794 -100.00 -100.00 -100.00
  26     1.515 54908.45225608 32.23 285.271541  10.867494 17.793 -100.00 -100.00 -100.00
  27     1.748 54918.36789097 41.06 285.267614  10.857359   -100 -100.00 -100.00 -100.00
  27     1.471 54918.36789156 36.65 285.268546  10.859851   -100 -100.00 -100.00 -100.00
  27     1.443 54918.36789215 37.06 285.269478  10.862343   -100 -100.00 -100.00 -100.00
  27     1.806 54918.36789274 35.41 285.270410  10.864834   -100 -100.00 -100.00 -100.00
  27     1.820 54918.36789333 36.93 285.271343  10.867326   -100 -100.00 -100.00 -100.00
  28     1.614 54928.28352925 32.67 285.271504  10.861703   -100 -100.00 -100.00 -100.00
  28     1.411 54928.28352984 30.89 285.272436  10.864195   -100 -100.00 -100.00 -100.00
  28     1.325 54928.28353043 33.06 285.273369  10.866687   -100 -100.00 -100.00 -100.00
  28     1.354 54928.28353102 32.77 285.274301  10.869179   -100 -100.00 -100.00 -100.00
  29     1.848 54938.19916675 25.85 285.277104  10.865198 14.700 -100.00 -100.00 -100.00
  29     1.573 54938.19916735 27.80 285.278036  10.867689 18.735 -100.00 -100.00 -100.00
  29     1.241 54938.19916794 29.52 285.278968  10.870181 27.645 -100.00 -100.00 -100.00
  30     1.747 54948.11480263 24.14 285.283126  10.868761 11.288 -100.00 -100.00 -100.00
  30     1.737 54948.11480322 21.55 285.284058  10.871253  7.007 -100.00 -100.00 -100.00
  30     1.324 54948.11480381 23.25 285.284990  10.873744  9.283 -100.00 -100.00 -100.00
  31     2.053 54958.03043860 28.84 285.286898  10.870179 15.751 -100.00 -100.00 -100.00
  31     1.901 54958.03043919 33.40 285.287830  10.872671   -100 -100.00 -100.00 -100.00
  32     1.806 54967.94608624 27.73 285.283608  10.868088 15.252 -100.00 -100.00 -100.00
  32     1.941 54967.94608683 26.52 285.284540  10.870580 14.273 -100.00 -100.00 -100.00
  32     1.868 54967.94608742 33.82 285.285472  10.873071   -100 -100.00 -100.00 -100.00
  33     2.161 54977.86173330 29.17 285.280660  10.866873 21.680 -100.00 -100.00 -100.00
  33     1.936 54977.86173389 26.06 285.281592  10.869365 13.191 -100.00 -100.00 -100.00
  33     1.997 54977.86173448 23.96 285.282524  10.871856  9.339 -100.00 -100.00 -100.00
  33     1.805 54977.86173507 27.21 285.283456  10.874348 15.969 -100.00 -100.00 -100.00
  34     2.228 54987.77738055 31.68 285.278479  10.865781 15.689 -100.00 -100.00 -100.00
  34     2.071 54987.77738114 32.82 285.279411  10.868273 21.832 -100.00 -100.00 -100.00
  34     2.176 54987.77738173 30.98 285.280343  10.870765 16.065 -100.00 -100.00 -100.00
  35     2.253 54997.69302833 44.58 285.277887  10.865701   -100 -100.00 -100.00 -100.00
  35     2.015 54997.69302892 47.22 285.278820  10.868192   -100 -100.00 -100.00 -100.00
  35     2.088 54997.69302951 45.62 285.279752  10.870684   -100 -100.00 -100.00 -100.00
  36     2.412 55007.60867420 33.33 285.277315  10.865172 27.418 -100.00 -100.00 -100.00
  36     2.073 55007.60867479 34.72 285.278247  10.867663   -100 -100.00 -100.00 -100.00
  36     2.023 55007.60867538 29.27 285.279179  10.870155 14.752 -100.00 -100.00 -100.00
  37     2.315 55017.52431792 44.99 285.276676  10.865046   -100 -100.00 -100.00 -100.00
  37     1.981 55017.52431851 43.19 285.277608  10.867538   -100 -100.00 -100.00 -100.00
  37     2.111 55017.52431910 46.93 285.278540  10.870030 13.579 -100.00 -100.00 -100.00
  38     2.267 55027.43995974 40.73 285.275077  10.863879   -100 -100.00 -100.00 -100.00
  38     1.930 55027.43996033 43.15 285.276009  10.866371  9.055 -100.00 -100.00 -100.00
  38     2.046 55027.43996092 46.32 285.276941  10.868862 24.911 -100.00 -100.00 -100.00
  39     1.971 55037.35560136 32.16 285.274614  10.864478 32.479 -100.00 -100.00 -100.00
  39     1.818 55037.35560195 28.93 285.275546  10.866970 20.033 -100.00 -100.00 -100.00
  39     1.796 55037.35560254 29.84 285.276478  10.869461 23.589 -100.00 -100.00 -100.00
  40     1.802 55047.27124183 30.02 285.276172  10.863771 30.626 -100.00 -100.00 -100.00
  40     1.828 55047.27124242 26.61 285.277104  10.866263 17.728 -100.00 -100.00 -100.00
  40     1.526 55047.27124301 27.33 285.278036  10.868754 20.395 -100.00 -100.00 -100.00
  40     1.592 55047.27124360 26.56 285.278968  10.871246 16.728 -100.00 -100.00 -100.00
  41     1.192 55057.18688168 25.31 285.281766  10.867770 17.116 -100.00 -100.00 -100.00
  41     1.508 55057.18688227 21.76 285.282698  10.870261  9.961 -100.00 -100.00 -100.00
  41     1.577 55057.18688286 20.74 285.283630  10.872753  7.958 -100.00 -100.00 -100.00
  42     1.925 55067.10251911 30.61 285.286145  10.869543 28.435 -100.00 -100.00 -100.00
  42     2.044 55067.10251970 27.04 285.287077  10.872034 15.533 -100.00 -100.00 -100.00
  43     1.375 55077.01816847 27.23 285.282502  10.867138 18.167 -100.00 -100.00 -100.00
  43     1.709 55077.01816906 23.38 285.283434  10.869629  9.822 -100.00 -100.00 -100.00
  43     1.924 55077.01816965 25.36 285.284366  10.872121 13.775 -100.00 -100.00 -100.00
  44     1.584 55086.93381528 30.21 285.276975  10.864105   -100 -100.00 -100.00 -100.00
  44     1.716 55086.93381587 21.43 285.277907  10.866596  9.165 -100.00 -100.00 -100.00
  44     1.444 55086.93381646 22.23 285.278839  10.869087  9.907 -100.00 -100.00 -100.00
  44     1.307 55086.93381705 23.18 285.279771  10.871578 11.429 -100.00 -100.00 -100.00
  45     1.449 55096.84946104 32.54 285.272692  10.862023   -100 -100.00 -100.00 -100.00
  45     1.695 55096.84946163 24.39 285.273624  10.864514 14.348 -100.00 -100.00 -100.00
  45     1.802 55096.84946222 21.67 285.274556  10.867006  8.819 -100.00 -100.00 -100.00
  45     1.754 55096.84946281 22.85 285.275488  10.869497 10.878 -100.00 -100.00 -100.00
  46     1.379 55106.76510760 25.33 285.272303  10.863454 19.948 -100.00 -100.00 -100.00
  46     3.724 55106.76510819 20.76 285.273235  10.865946  8.742 -100.00 -100.00 -100.00
  46     1.507 55106.76510878 24.49 285.274167  10.868437 14.700 -100.00 -100.00 -100.00
  47     1.210 55116.68075329 33.72 285.272927  10.862446   -100 -100.00 -100.00 -100.00
  47     1.314 55116.68075388 34.59 285.273860  10.864937   -100 -100.00 -100.00 -100.00
  47     1.273 55116.68075447 33.35 285.274792  10.867429   -100 -100.00 -100.00 -100.00
  47     1.021 55116.68075506 36.99 285.275724  10.869920   -100 -100.00 -100.00 -100.00
  48     1.522 55126.59639722 36.64 285.274922  10.863762   -100 -100.00 -100.00 -100.00
  48     1.706 55126.59639781 37.00 285.275854  10.866254   -100 -100.00 -100.00 -100.00
  48     1.837 55126.59639840 39.01 285.276786  10.868745   -100 -100.00 -100.00 -100.00
  49     1.759 55136.51203844 26.66 285.276072  10.864632 10.646 -100.00 -100.00 -100.00
  49     1.410 55136.51203903 30.64 285.277004  10.867124 21.707 -100.00 -100.00 -100.00
  49     1.385 55136.51203962 25.72 285.277936  10.869615  9.979 -100.00 -100.00 -100.00
  50     2.057 55146.42767730 31.82 285.276659  10.865201 20.355 -100.00 -100.00 -100.00
  50     1.851 55146.42767789 33.84 285.277591  10.867693   -100 -100.00 -100.00 -100.00
  50     2.010 55146.42767848 30.27 285.278523  10.870184 17.516 -100.00 -100.00 -100.00
  51     2.038 55156.34331530 37.70 285.277745  10.866159   -100 -100.00 -100.00 -100.00
  51     2.285 55156.34331589 33.95 285.278677  10.868650 27.720 -100.00 -100.00 -100.00
  51     2.392 55156.34331648 41.71 285.279610  10.871142   -100 -100.00 -100.00 -100.00
  52     2.032 55166.25895288 35.27 285.278834  10.864969   -100 -100.00 -100.00 -100.00
  52     2.121 55166.25895347 25.68 285.279766  10.867460 12.935 -100.00 -100.00 -100.00
  52     1.796 55166.25895406 24.39 285.280698  10.869952 11.546 -100.00 -100.00 -100.00
  52     1.786 55166.25895465 24.98 285.281630  10.872443 12.673 -100.00 -100.00 -100.00
  53     1.565 55176.17459130 27.19 285.282618  10.868401 17.638 -100.00 -100.00 -100.00
  53     1.661 55176.17459189 28.05 285.283551  10.870892 18.781 -100.00 -100.00 -100.00
  53     1.726 55176.17459248 33.98 285.284483  10.873384   -100 -100.00 -100.00 -100.00
  54     1.037 55186.09023305 28.00 285.283503  10.867122 24.388 -100.00 -100.00 -100.00
  54     1.144 55186.09023364 22.81 285.284435  10.869614 10.721 -100.00 -100.00 -100.00
  54     1.187 55186.09023423 32.04 285.285367  10.872106   -100 -100.00 -100.00 -100.00
  55     1.548 55196.00588375 25.76 285.280137  10.866686 14.036 -100.00 -100.00 -100.00
  55     1.475 55196.00588434 25.66 285.281069  10.869178 15.414 -100.00 -100.00 -100.00
  55     1.735 55196.00588493 25.42 285.282001  10.871670 14.473 -100.00 -100.00 -100.00
  55     1.677 55196.00588552 26.51 285.282934  10.874161 15.360 -100.00 -100.00 -100.00
  56     1.625 55205.92153264 28.16 285.274765  10.863296 28.343 -100.00 -100.00 -100.00
  56     1.479 55205.92153323 26.23 285.275697  10.865788 21.247 -100.00 -100.00 -100.00
  56     1.632 55205.92153382 24.12 285.276629  10.868280 12.827 -100.00 -100.00 -100.00
  56     1.213 55205.92153441 23.83 285.277561  10.870772 12.993 -100.00 -100.00 -100.00
  57     1.691 55215.83718166 29.10 285.271442  10.861869 29.413 -100.00 -100.00 -100.00
  57     1.382 55215.83718225 30.01 285.272374  10.864361   -100 -100.00 -100.00 -100.00
  57     1.505 55215.83718284 23.48 285.273306  10.866853 15.385 -100.00 -100.00 -100.00
  57     1.245 55215.83718343 24.43 285.274238  10.869345 15.219 -100.00 -100.00 -100.00
  58     1.266 55225.75282991 28.03 285.269042  10.858771 32.686 -100.00 -100.00 -100.00
  58     1.536 55225.75283050 23.70 285.269974  10.861263 15.315 -100.00 -100.00 -100.00
  58     1.216 55225.75283109 27.25 285.270906  10.863755 27.602 -100.00 -100.00 -100.00
  58     1.418 55225.75283168 21.17 285.271838  10.866247 11.003 -100.00 -100.00 -100.00
  58     1.061 55225.75283227 25.34 285.272770  10.868739 19.677 -100.00 -100.00 -100.00
  59     3.648 55235.66847740 20.62 285.270400  10.861288 11.523 -100.00 -100.00 -100.00
  59     1.183 55235.66847799 27.48 285.271332  10.863780 31.777 -100.00 -100.00 -100.00
  59     1.326 55235.66847858 23.48 285.272264  10.866272 16.399 -100.00 -100.00 -100.00
  59     0.958 55235.66847917 23.06 285.273196  10.868764 15.438 -100.00 -100.00 -100.00
  60     1.397 55245.58412113 29.22 285.272265  10.862334 28.419 -100.00 -100.00 -100.00
  60     1.107 55245.58412172 25.78 285.273197  10.864825 23.355 -100.00 -100.00 -100.00
  60     1.255 55245.58412231 22.97 285.274129  10.867317 14.111 -100.00 -100.00 -100.00
  60     0.986 55245.58412290 23.07 285.275061  10.869809 14.387 -100.00 -100.00 -100.00
  61     1.323 55255.49976167 28.55 285.272567  10.863116 26.300 -100.00 -100.00 -100.00
  61     1.059 55255.49976226 25.19 285.273499  10.865608 21.313 -100.00 -100.00 -100.00
  61     1.240 55255.49976285 21.22 285.274431  10.868100 10.634 -100.00 -100.00 -100.00
  62     0.972 55265.41540004 26.37 285.271300  10.862661 23.198 -100.00 -100.00 -100.00
  62     0.955 55265.41540063 28.82 285.272233  10.865152   -100 -100.00 -100.00 -100.00
  62     4.258 55265.41540122 19.59 285.273165  10.867644  7.568 -100.00 -100.00 -100.00
  63     1.086 55275.33103753 27.74 285.271297  10.862532 27.289 -100.00 -100.00 -100.00
  63     1.020 55275.33103812 25.61 285.272229  10.865023 19.883 -100.00 -100.00 -100.00
  63     0.921 55275.33103871 23.42 285.273162  10.867515 15.244 -100.00 -100.00 -100.00
  63     4.640 55275.33103930 17.67 285.274094  10.870007  5.020 -100.00 -100.00 -100.00
  64     0.834 55285.24667485 26.87 285.274723  10.864303 23.056 -100.00 -100.00 -100.00
  64     2.667 55285.24667544 20.40 285.275655  10.866795  8.432 -100.00 -100.00 -100.00
  64     2.511 55285.24667603 20.61 285.276587  10.869286  8.817 -100.00 -100.00 -100.00
  65     2.313 55295.16231083 17.92 285.280710  10.867350  6.352 -100.00 -100.00 -100.00
  65     1.333 55295.16231142 21.93 285.281642  10.869842 14.638 -100.00 -100.00 -100.00
  65     1.812 55295.16231201 26.36 285.282575  10.872334 22.130 -100.00 -100.00 -100.00
  65     1.487 55295.16231260 26.87 285.283507  10.874825 18.978 -100.00 -100.00 -100.00
  66     1.550 55305.07794999 24.52 285.284326  10.869497 14.020 -100.00 -100.00 -100.00
  66     1.923 55305.07795058 29.34 285.285258  10.871989 23.856 -100.00 -100.00 -100.00
  67     1.157 55314.99359635 23.40 285.281801  10.867960 12.908 -100.00 -100.00 -100.00
  67     1.393 55314.99359694 26.77 285.282733  10.870452 20.670 -100.00 -100.00 -100.00
  67     1.572 55314.99359753 30.90 285.283665  10.872943 31.410 -100.00 -100.00 -100.00
  68     1.323 55324.90924135 24.61 285.279234  10.866838 20.684 -100.00 -100.00 -100.00
  68     1.354 55324.90924194 22.44 285.280166  10.869330 14.899 -100.00 -100.00 -100.00
  68     1.400 55324.90924253 26.25 285.281099  10.871822 22.862 -100.00 -100.00 -100.00
  69     1.812 55334.82488525 36.08 285.277351  10.865166   -100 -100.00 -100.00 -100.00
  69     1.565 55334.82488584 31.46 285.278283  10.867658   -100 -100.00 -100.00 -100.00
  69     1.528 55334.82488643 23.49 285.279215  10.870150 18.526 -100.00 -100.00 -100.00
  70     1.771 55344.74052931 41.71 285.276927  10.865124   -100 -100.00 -100.00 -100.00
  70     1.825 55344.74052990 42.00 285.277859  10.867616   -100 -100.00 -100.00 -100.00
  70     1.932 55344.74053049 45.12 285.278791  10.870108   -100 -100.00 -100.00 -100.00
  71     2.594 55354.65617245 43.84 285.276896  10.864252 25.856 -100.00 -100.00 -100.00
  71     2.104 55354.65617304 48.10 285.277828  10.866744   -100 -100.00 -100.00 -100.00
  71     2.019 55354.65617363 51.37 285.278760  10.869236 15.559 -100.00 -100.00 -100.00
  71     2.106 55354.65617422 49.86 285.279692  10.871728   -100 -100.00 -100.00 -100.00
  72     2.428 55364.57181360 39.61 285.277457  10.864294 31.811 -100.00 -100.00 -100.00
  72     2.184 55364.57181419 33.97 285.278389  10.866785 15.377 -100.00 -100.00 -100.00
  72     2.276 55364.57181478 34.60 285.279321  10.869277 14.760 -100.00 -100.00 -100.00
  72     2.151 55364.57181538 43.15 285.280254  10.871769   -100 -100.00 -100.00 -100.00
  73     3.290 55374.48745325 45.28 285.278589  10.865475 21.963 -100.00 -100.00 -100.00
  73     2.461 55374.48745384 51.44 285.279521  10.867967 22.667 -100.00 -100.00 -100.00
  73     2.428 55374.48745443 50.80 285.280453  10.870459  8.449 -100.00 -100.00 -100.00
  73     2.366 55374.48745502 54.11 285.281385  10.872950 31.741 -100.00 -100.00 -100.00
  74     2.902 55384.40309149 46.27 285.280130  10.866332 32.673 -100.00 -100.00 -100.00
  74     2.626 55384.40309208 49.39 285.281062  10.868824   -100 -100.00 -100.00 -100.00
  74     2.368 55384.40309267 52.45 285.281994  10.871315 20.764 -100.00 -100.00 -100.00
  74     2.459 55384.40309326 53.38 285.282926  10.873807 20.764 -100.00 -100.00 -100.00
  75     2.899 55394.31872911 47.03 285.282621  10.868410   -100 -100.00 -100.00 -100.00
  75     2.823 55394.31872970 48.30 285.283553  10.870902   -100 -100.00 -100.00 -100.00
  75     2.607 55394.31873029 50.41 285.284485  10.873393  5.512 -100.00 -100.00 -100.00
  76     2.901 55404.23436731 42.25 285.285850  10.869784   -100 -100.00 -100.00 -100.00
  76     2.841 55404.23436790 45.31 285.286782  10.872275   -100 -100.00 -100.00 -100.00
  77     2.975 55414.15001788 39.83 285.283422  10.867758 32.748 -100.00 -100.00 -100.00
  77     2.832 55414.15001847 42.00 285.284354  10.870250   -100 -100.00 -100.00 -100.00
  77     2.881 55414.15001906 42.96 285.285286  10.872741   -100 -100.00 -100.00 -100.00
  78     3.226 55424.06566599 36.34 285.281558  10.867423 24.252 -100.00 -100.00 -100.00
  78     3.193 55424.06566658 34.81 285.282490  10.869915 17.830 -100.00 -100.00 -100.00
  78     3.021 55424.06566717 37.28 285.283422  10.872406 28.769 -100.00 -100.00 -100.00
  78     3.035 55424.06566776 38.68 285.284354  10.874897   -100 -100.00 -100.00 -100.00
  79     3.146 55433.98131173 41.09 285.279664  10.867176   -100 -100.00 -100.00 -100.00
  79     2.980 55433.98131232 45.35 285.280596  10.869667   -100 -100.00 -100.00 -100.00
  79     3.110 55433.98131291 45.21 285.281528  10.872158   -100 -100.00 -100.00 -100.00
  80     3.276 55443.89695562 34.46 285.276260  10.864688 18.418 -100.00 -100.00 -100.00
  80     2.982 55443.89695621 34.61 285.277192  10.867179 21.616 -100.00 -100.00 -100.00
  80     3.077 55443.89695680 44.23 285.278124  10.869670  2.433 -100.00 -100.00 -100.00
  81     3.256 55453.81259867 44.25 285.273977  10.862701   -100 -100.00 -100.00 -100.00
  81     3.030 55453.81259926 35.40 285.274909  10.865193 19.722 -100.00 -100.00 -100.00
  81     3.075 55453.81259985 38.74 285.275841  10.867684 28.347 -100.00 -100.00 -100.00
  81     3.393 55453.81260044 45.05 285.276773  10.870176   -100 -100.00 -100.00 -100.00
  82     3.468 55463.72824214 50.72 285.275329  10.864895   -100 -100.00 -100.00 -100.00
  82     3.168 55463.72824274 50.58 285.276261  10.867387   -100 -100.00 -100.00 -100.00
  82     3.227 55463.72824333 49.60 285.277193  10.869878   -100 -100.00 -100.00 -100.00
  83     3.604 55473.64388279 45.50 285.277615  10.864255   -100 -100.00 -100.00 -100.00
  83     3.336 55473.64388338 41.68 285.278547  10.866746   -100 -100.00 -100.00 -100.00
  83     3.347 55473.64388398 39.47 285.279480  10.869237 30.861 -100.00 -100.00 -100.00
  83     3.234 55473.64388457 44.51 285.280412  10.871729   -100 -100.00 -100.00 -100.00
  84     3.606 55483.55952129 42.63 285.281292  10.867027   -100 -100.00 -100.00 -100.00
  84     3.433 55483.55952189 38.80 285.282224  10.869518 20.099 -100.00 -100.00 -100.00
  84     3.634 55483.55952248 40.10 285.283156  10.872010 23.525 -100.00 -100.00 -100.00
  84     3.594 55483.55952307 39.88 285.284089  10.874501 24.932 -100.00 -100.00 -100.00
  85     3.554 55493.47515700 48.52 285.283245  10.868099   -100 -100.00 -100.00 -100.00
  85     3.515 55493.47515759 50.38 285.284178  10.870590  0.226 -100.00 -100.00 -100.00
  85     3.688 55493.47515818 46.43 285.285110  10.873082   -100 -100.00 -100.00 -100.00
  86     3.401 55503.39079078 48.31 285.284506  10.867772   -100 -100.00 -100.00 -100.00
  86     3.276 55503.39079137 51.50 285.285438  10.870263  9.265 -100.00 -100.00 -100.00
  86     3.461 55503.39079196 46.08 285.286371  10.872754   -100 -100.00 -100.00 -100.00
  87     3.487 55513.30643776 44.65 285.282154  10.867333 32.243 -100.00 -100.00 -100.00
  87     3.259 55513.30643835 46.32 285.283086  10.869825   -100 -100.00 -100.00 -100.00
  87     3.437 55513.30643895 43.67 285.284018  10.872316 27.325 -100.00 -100.00 -100.00
  88     3.481 55523.22208687 34.22 285.280288  10.866882 14.148 -100.00 -100.00 -100.00
  88     3.565 55523.22208746 34.39 285.281220  10.869373 16.600 -100.00 -100.00 -100.00
  88     3.276 55523.22208805 42.04 285.282152  10.871865   -100 -100.00 -100.00 -100.00
  88     3.467 55523.22208864 41.98 285.283084  10.874356   -100 -100.00 -100.00 -100.00
  89     3.241 55533.13773432 37.58 285.278620  10.866004 16.614 -100.00 -100.00 -100.00
  89     3.368 55533.13773491 37.38 285.279552  10.868495 15.548 -100.00 -100.00 -100.00
  89     3.394 55533.13773550 44.84 285.280484  10.870987   -100 -100.00 -100.00 -100.00
  90     3.045 55543.05338014 33.50 285.276816  10.864813 15.806 -100.00 -100.00 -100.00
  90     3.176 55543.05338073 33.74 285.277748  10.867304 14.069 -100.00 -100.00 -100.00
  90     3.542 55543.05338132 33.45 285.278680  10.869796 16.216 -100.00 -100.00 -100.00
  91     3.143 55552.96902430 34.12 285.275186  10.864265 20.995 -100.00 -100.00 -100.00
  91     3.319 55552.96902489 34.65 285.276118  10.866756 21.125 -100.00 -100.00 -100.00
  91     3.434 55552.96902548 36.73 285.277050  10.869248 25.803 -100.00 -100.00 -100.00
  92     3.547 55562.88466730 33.84 285.273428  10.862830 17.936 -100.00 -100.00 -100.00
  92     3.288 55562.88466789 31.30 285.274360  10.865322 11.579 -100.00 -100.00 -100.00
  92     3.276 55562.88466848 34.79 285.275292  10.867814 24.418 -100.00 -100.00 -100.00
  92     3.354 55562.88466907 36.68 285.276224  10.870305 28.772 -100.00 -100.00 -100.00
  93     3.057 55572.80031062 31.72 285.274694  10.864311 13.613 -100.00 -100.00 -100.00
  93     2.920 55572.80031121 32.35 285.275626  10.866802 17.484 -100.00 -100.00 -100.00
  93     3.246 55572.80031180 32.99 285.276559  10.869294 17.842 -100.00 -100.00 -100.00
  94     3.177 55582.71595252 40.82 285.276643  10.864629   -100 -100.00 -100.00 -100.00
  94     3.003 55582.71595311 45.57 285.277575  10.867121  0.411 -100.00 -100.00 -100.00
  94     3.159 55582.71595370 47.35 285.278508  10.869612   -100 -100.00 -100.00 -100.00
  95     2.431 55592.63159130 34.05 285.279562  10.866114 21.376 -100.00 -100.00 -100.00
  95     2.281 55592.63159189 33.52 285.280494  10.868606 22.414 -100.00 -100.00 -100.00
  95     2.354 55592.63159248 38.91 285.281426  10.871098   -100 -100.00 -100.00 -100.00
  95     2.328 55592.63159307 38.21 285.282358  10.873589   -100 -100.00 -100.00 -100.00
  96     2.081 55602.54722650 43.15 285.282377  10.867134 30.407 -100.00 -100.00 -100.00
  96     1.574 55602.54722709 48.54 285.283310  10.869626 21.563 -100.00 -100.00 -100.00
  96     1.566 55602.54722768 51.63 285.284242  10.872118   -100 -100.00 -100.00 -100.00
  97     1.797 55612.46285915 32.77 285.284602  10.867644 24.593 -100.00 -100.00 -100.00
  97     1.569 55612.46285974 29.81 285.285535  10.870136 14.960 -100.00 -100.00 -100.00
  97     1.819 55612.46286033 31.77 285.286467  10.872628 20.745 -100.00 -100.00 -100.00
  99     1.234 55632.29414597 29.05 285.282576  10.867915 19.131 -100.00 -100.00 -100.00
  99     1.265 55632.29414656 28.65 285.283508  10.870407 18.482 -100.00 -100.00 -100.00
  99     1.605 55632.29414715 27.71 285.284440  10.872898 14.786 -100.00 -100.00 -100.00
 100     1.010 55642.20979564 28.64 285.280684  10.866399 21.578 -100.00 -100.00 -100.00
 100     1.377 55642.20979623 25.73 285.281616  10.868891 12.199 -100.00 -100.00 -100.00
 100     1.421 55642.20979682 27.14 285.282549  10.871383 16.276 -100.00 -100.00 -100.00
 100     1.309 55642.20979741 29.04 285.283481  10.873875 21.733 -100.00 -100.00 -100.00
 101     1.247 55652.12544284 27.71 285.280308  10.865777 15.918 -100.00 -100.00 -100.00
 101     1.389 55652.12544343 27.67 285.281240  10.868269 17.404 -100.00 -100.00 -100.00
 101     1.555 55652.12544402 29.56 285.282172  10.870761 20.742 -100.00 -100.00 -100.00
 101     1.940 55652.12544461 28.28 285.283104  10.873252 16.369 -100.00 -100.00 -100.00
 102     1.145 55662.04108626 27.78 285.280119  10.865870 19.747 -100.00 -100.00 -100.00
 102     1.145 55662.04108685 28.95 285.281052  10.868362 22.306 -100.00 -100.00 -100.00
 102     1.591 55662.04108744 27.04 285.281984  10.870854 13.145 -100.00 -100.00 -100.00
 102     1.202 55662.04108803 26.67 285.282916  10.873345 15.956 -100.00 -100.00 -100.00
 103     2.388 55671.95672668 26.91 285.279109  10.865845 13.701 -100.00 -100.00 -100.00
 103     2.004 55671.95672727 26.64 285.280041  10.868336 15.242 -100.00 -100.00 -100.00
 103     2.426 55671.95672786 30.57 285.280973  10.870828 19.688 -100.00 -100.00 -100.00
 103     2.155 55671.95672845 34.43 285.281906  10.873320   -100 -100.00 -100.00 -100.00
 104     2.662 55681.87236570 30.91 285.278360  10.865012 23.468 -100.00 -100.00 -100.00
 104     2.627 55681.87236629 31.12 285.279292  10.867504 19.570 -100.00 -100.00 -100.00
 104     2.320 55681.87236688 35.30 285.280225  10.869995   -100 -100.00 -100.00 -100.00
 104     2.781 55681.87236748 36.61 285.281157  10.872487   -100 -100.00 -100.00 -100.00
 105     2.911 55691.78800430 32.03 285.281239  10.867921 20.811 -100.00 -100.00 -100.00
 105     2.916 55691.78800489 35.19 285.282171  10.870413 31.720 -100.00 -100.00 -100.00
 105     2.998 55691.78800548 35.39 285.283103  10.872905 30.074 -100.00 -100.00 -100.00
 106     3.231 55701.70364073 32.32 285.284462  10.868214 17.401 -100.00 -100.00 -100.00
 106     3.125 55701.70364132 33.95 285.285394  10.870706 18.796 -100.00 -100.00 -100.00
 106     2.919 55701.70364191 36.31 285.286326  10.873198 26.894 -100.00 -100.00 -100.00
 107     3.566 55711.61928317 45.20 285.285998  10.869690   -100 -100.00 -100.00 -100.00
 107     3.273 55711.61928376 50.69 285.286930  10.872181  2.578 -100.00 -100.00 -100.00
 108     3.130 55721.53493218 35.47 285.282338  10.868161 22.258 -100.00 -100.00 -100.00
 108     3.170 55721.53493277 34.90 285.283270  10.870653 16.303 -100.00 -100.00 -100.00
 108     3.239 55721.53493336 35.68 285.284202  10.873144 20.775 -100.00 -100.00 -100.00
 109     3.143 55731.45057901 35.17 285.278842  10.866853 19.769 -100.00 -100.00 -100.00
 109     3.172 55731.45057960 37.28 285.279774  10.869345 25.557 -100.00 -100.00 -100.00
 109     3.249 55731.45058019 38.40 285.280706  10.871837 26.625 -100.00 -100.00 -100.00
 110     3.208 55741.36622432 43.31 285.276694  10.864723   -100 -100.00 -100.00 -100.00
 110     3.286 55741.36622491 41.61 285.277626  10.867214   -100 -100.00 -100.00 -100.00
 110     3.104 55741.36622550 47.71 285.278558  10.869706 15.477 -100.00 -100.00 -100.00
 111     3.098 55751.28186905 30.95 285.276999  10.865156 14.052 -100.00 -100.00 -100.00
 111     2.809 55751.28186964 33.50 285.277931  10.867648 21.859 -100.00 -100.00 -100.00
 111     2.801 55751.28187023 35.60 285.278863  10.870139 28.491 -100.00 -100.00 -100.00
 112     2.853 55761.19751163 31.51 285.279032  10.865835 16.996 -100.00 -100.00 -100.00
 112     2.729 55761.19751222 33.34 285.279964  10.868326 21.565 -100.00 -100.00 -100.00
 112     2.767 55761.19751281 35.57 285.280896  10.870817 28.222 -100.00 -100.00 -100.00
 112     2.851 55761.19751340 36.63 285.281828  10.873309 30.024 -100.00 -100.00 -100.00
 113     3.089 55771.11315149 40.93 285.281189  10.866681   -100 -100.00 -100.00 -100.00
 113     3.045 55771.11315208 41.40 285.282121  10.869173   -100 -100.00 -100.00 -100.00
 113     2.827 55771.11315267 41.29 285.283053  10.871664   -100 -100.00 -100.00 -100.00
 113     3.053 55771.11315326 45.67 285.283985  10.874156   -100 -100.00 -100.00 -100.00
 114     2.329 55781.02878815 30.68 285.283024  10.868177 16.206 -100.00 -100.00 -100.00
 114     2.373 55781.02878874 30.21 285.283956  10.870669 12.821 -100.00 -100.00 -100.00
 114     2.371 55781.02878933 33.31 285.284888  10.873160 21.968 -100.00 -100.00 -100.00
 115     2.393 55790.94442246 30.32 285.284931  10.869452 15.827 -100.00 -100.00 -100.00
 115     2.256 55790.94442305 29.79 285.285863  10.871943 11.821 -100.00 -100.00 -100.00
 117     3.118 55810.77570535 46.39 285.285526  10.869997 25.035 -100.00 -100.00 -100.00
 117     2.437 55810.77570594 51.62 285.286458  10.872488  8.676 -100.00 -100.00 -100.00
 118     2.130 55820.69135443 29.29 285.284553  10.869538 13.863 -100.00 -100.00 -100.00
 118     2.109 55820.69135502 29.87 285.285485  10.872029 15.048 -100.00 -100.00 -100.00
 119     2.389 55830.60699867 40.13 285.284641  10.868083   -100 -100.00 -100.00 -100.00
 119     2.233 55830.60699926 35.27 285.285573  10.870574 22.317 -100.00 -100.00 -100.00
 119     2.240 55830.60699985 34.03 285.286505  10.873066 18.795 -100.00 -100.00 -100.00
 120     2.222 55840.52263906 42.44 285.286042  10.870106   -100 -100.00 -100.00 -100.00
 120     2.032 55840.52263965 42.45 285.286975  10.872597   -100 -100.00 -100.00 -100.00
 121     2.478 55850.43827532 34.48 285.285564  10.868876 19.646 -100.00 -100.00 -100.00
 121     2.351 55850.43827591 35.47 285.286496  10.871367 23.922 -100.00 -100.00 -100.00
 122     2.705 55860.35390971 32.71 285.286426  10.869081 17.794 -100.00 -100.00 -100.00
 122     2.702 55860.35391030 31.96 285.287358  10.871573 13.857 -100.00 -100.00 -100.00
 123     3.144 55870.26955999 43.44 285.282620  10.866775   -100 -100.00 -100.00 -100.00
 123     3.286 55870.26956058 45.66 285.283552  10.869267 31.546 -100.00 -100.00 -100.00
 123     2.998 55870.26956117 50.52 285.284484  10.871758   -100 -100.00 -100.00 -100.00
 123     2.787 55870.26956176 51.68 285.285416  10.874249 12.544 -100.00 -100.00 -100.00
 133     1.689 55969.42600224 33.83 285.276870  10.864905   -100 -100.00 -100.00 -100.00
 133     1.696 55969.42600283 30.35 285.277802  10.867396 20.777 -100.00 -100.00 -100.00
 133     1.659 55969.42600342 30.77 285.278735  10.869888 22.593 -100.00 -100.00 -100.00
 134     1.688 55979.34163837 28.24 285.278513  10.864767 15.366 -100.00 -100.00 -100.00
 134     1.513 55979.34163896 32.23 285.279445  10.867258 28.746 -100.00 -100.00 -100.00
 134     1.446 55979.34163955 30.55 285.280378  10.869750 21.199 -100.00 -100.00 -100.00
 134     1.492 55979.34164014 28.51 285.281310  10.872242 15.180 -100.00 -100.00 -100.00
 135     1.174 55989.25727493 32.93 285.283989  10.869118 30.295 -100.00 -100.00 -100.00
 135     1.192 55989.25727552 29.96 285.284921  10.871610 17.306 -100.00 -100.00 -100.00
 135     1.739 55989.25727611 29.54 285.285853  10.874102 17.342 -100.00 -100.00 -100.00
 136     1.065 55999.17291717 28.47 285.286177  10.869587 14.002 -100.00 -100.00 -100.00
 136     0.843 55999.17291776 29.28 285.287109  10.872079 17.780 -100.00 -100.00 -100.00
 137     1.496 56009.08856712 26.93 285.283776  10.868035 13.641 -100.00 -100.00 -100.00
 137     0.970 56009.08856771 29.53 285.284708  10.870527 21.179 -100.00 -100.00 -100.00
 137     0.849 56009.08856830 28.64 285.285640  10.873018 18.527 -100.00 -100.00 -100.00
 138     1.266 56019.00421294 33.07 285.280765  10.866047   -100 -100.00 -100.00 -100.00
 138     1.344 56019.00421353 28.01 285.281697  10.868538 19.174 -100.00 -100.00 -100.00
 138     1.038 56019.00421412 31.13 285.282629  10.871030 29.291 -100.00 -100.00 -100.00
 138     1.024 56019.00421471 26.22 285.283562  10.873522 12.934 -100.00 -100.00 -100.00
 139     1.221 56028.91985621 28.37 285.277575  10.864892 23.459 -100.00 -100.00 -100.00
 139     1.331 56028.91985680 27.18 285.278507  10.867384 19.099 -100.00 -100.00 -100.00
 139     1.342 56028.91985739 32.63 285.279440  10.869876   -100 -100.00 -100.00 -100.00
 141     2.372 56048.75113881 44.72 285.277573  10.865252   -100 -100.00 -100.00 -100.00
 141     2.079 56048.75113940 45.06 285.278505  10.867744   -100 -100.00 -100.00 -100.00
 141     2.146 56048.75113999 36.92 285.279438  10.870236 24.351 -100.00 -100.00 -100.00
 142     2.572 56058.66677713 42.36 285.281510  10.867369   -100 -100.00 -100.00 -100.00
 142     2.342 56058.66677772 38.40 285.282442  10.869861 31.722 -100.00 -100.00 -100.00
 142     2.155 56058.66677831 35.21 285.283374  10.872353 20.085 -100.00 -100.00 -100.00
 142     2.238 56058.66677890 34.70 285.284306  10.874845 16.797 -100.00 -100.00 -100.00
 144     2.974 56078.49806179 44.48 285.282581  10.866828 31.589 -100.00 -100.00 -100.00
 144     2.616 56078.49806238 45.65 285.283513  10.869319   -100 -100.00 -100.00 -100.00
 144     2.794 56078.49806298 48.46 285.284445  10.871811   -100 -100.00 -100.00 -100.00
 144     2.765 56078.49806357 50.58 285.285378  10.874303   -100 -100.00 -100.00 -100.00
 145     2.715 56088.41370916 30.02 285.278189  10.864747 20.996 -100.00 -100.00 -100.00
 145     2.465 56088.41370975 29.35 285.279121  10.867239 19.827 -100.00 -100.00 -100.00
 145     2.409 56088.41371034 29.39 285.280053  10.869730 17.227 -100.00 -100.00 -100.00
 145     2.423 56088.41371093 33.00 285.280985  10.872222 27.656 -100.00 -100.00 -100.00
 146     2.163 56098.32935469 38.68 285.276793  10.865350   -100 -100.00 -100.00 -100.00
 146     2.093 56098.32935528 31.53 285.277725  10.867842 23.692 -100.00 -100.00 -100.00
 146     2.014 56098.32935587 36.96 285.278657  10.870333   -100 -100.00 -100.00 -100.00
 147     1.763 56108.24499808 27.47 285.277801  10.865730 14.595 -100.00 -100.00 -100.00
 147     1.906 56108.24499867 28.72 285.278733  10.868222 16.313 -100.00 -100.00 -100.00
 147     1.859 56108.24499926 31.70 285.279666  10.870713 25.384 -100.00 -100.00 -100.00
 148     1.697 56118.16062723 34.73 285.280580  10.866055   -100 -100.00 -100.00 -100.00
 148     1.772 56118.16062782 34.65 285.281512  10.868546   -100 -100.00 -100.00 -100.00
 148     1.524 56118.16062841 35.93 285.282444  10.871038   -100 -100.00 -100.00 -100.00
 148     1.693 56118.16062900 32.94 285.283376  10.873529 29.835 -100.00 -100.00 -100.00
 149     1.488 56128.07626509 23.26 285.284946  10.869128  8.439 -100.00 -100.00 -100.00
 149     1.612 56128.07626568 23.08 285.285878  10.871620  7.680 -100.00 -100.00 -100.00
 151     1.506 56147.90754497 26.37 285.283441  10.867982 20.257 -100.00 -100.00 -100.00
 151     1.555 56147.90754556 22.35 285.284373  10.870473 10.690 -100.00 -100.00 -100.00
 151     1.347 56147.90754615 21.78 285.285305  10.872965  8.552 -100.00 -100.00 -100.00
 152     1.663 56157.82319387 26.04 285.280116  10.866366 15.115 -100.00 -100.00 -100.00
 152     1.521 56157.82319446 29.48 285.281049  10.868857 24.237 -100.00 -100.00 -100.00
 152     1.556 56157.82319505 27.70 285.281981  10.871349 18.636 -100.00 -100.00 -100.00
 152     1.570 56157.82319564 25.87 285.282913  10.873840 13.210 -100.00 -100.00 -100.00
 153     2.573 56167.73884247 42.66 285.279575  10.866784 21.234 -100.00 -100.00 -100.00
 153     1.725 56167.73884306 47.65 285.280507  10.869276   -100 -100.00 -100.00 -100.00
 153     1.829 56167.73884365 51.68 285.281439  10.871767  1.578 -100.00 -100.00 -100.00
 154     2.875 56177.65448850 38.61 285.280427  10.867190 17.076 -100.00 -100.00 -100.00
 154     1.981 56177.65448909 42.74 285.281359  10.869682   -100 -100.00 -100.00 -100.00
 154     2.027 56177.65448968 47.95 285.282291  10.872173   -100 -100.00 -100.00 -100.00
 154     1.626 56177.65449027 53.11 285.283223  10.874664   -100 -100.00 -100.00 -100.00
 155     1.617 56187.57012978 41.45 285.281640  10.867257   -100 -100.00 -100.00 -100.00
 155     1.452 56187.57013037 48.10 285.282572  10.869748 23.949 -100.00 -100.00 -100.00
 155     1.703 56187.57013096 40.64 285.283504  10.872240 31.084 -100.00 -100.00 -100.00
 155     1.485 56187.57013155 37.15 285.284436  10.874731 24.336 -100.00 -100.00 -100.00
 156     1.633 56197.48576729 40.41 285.282357  10.867515   -100 -100.00 -100.00 -100.00
 156     1.387 56197.48576788 46.13 285.283289  10.870007 25.373 -100.00 -100.00 -100.00
 156     1.621 56197.48576847 38.05 285.284221  10.872498 29.438 -100.00 -100.00 -100.00
 157     2.081 56207.40140184 42.45 285.283564  10.868597 24.596 -100.00 -100.00 -100.00
 157     1.305 56207.40140243 46.62 285.284496  10.871088 26.408 -100.00 -100.00 -100.00
 157     1.578 56207.40140302 46.95 285.285429  10.873580   -100 -100.00 -100.00 -100.00
 158     2.380 56217.31703483 43.67 285.286133  10.870231 21.558 -100.00 -100.00 -100.00
 158     1.543 56217.31703542 48.88 285.287065  10.872722 11.498 -100.00 -100.00 -100.00
 159     2.626 56227.23267756 42.63 285.286381  10.869826 22.890 -100.00 -100.00 -100.00
 159     1.891 56227.23267815 47.76 285.287312  10.872317  0.335 -100.00 -100.00 -100.00
 160     1.872 56237.14833151 39.87 285.284112  10.868575  6.471 -100.00 -100.00 -100.00
 160     2.021 56237.14833210 33.14 285.285044  10.871067 31.948 -100.00 -100.00 -100.00
 160     2.244 56237.14833269 33.89 285.285976  10.873558 31.699 -100.00 -100.00 -100.00
 161     2.205 56247.06398178 41.75 285.281954  10.867417 28.643 -100.00 -100.00 -100.00
 161     1.933 56247.06398237 48.64 285.282886  10.869909   -100 -100.00 -100.00 -100.00
 161     1.792 56247.06398296 48.73 285.283818  10.872400  8.907 -100.00 -100.00 -100.00
 162     2.359 56256.97962720 34.53 285.279978  10.866055   -100 -100.00 -100.00 -100.00
 162     2.612 56256.97962779 34.74 285.280910  10.868547 24.398 -100.00 -100.00 -100.00
 162     1.926 56256.97962838 38.02 285.281842  10.871038   -100 -100.00 -100.00 -100.00
 162     1.734 56256.97962897 33.83 285.282774  10.873530   -100 -100.00 -100.00 -100.00
 163     1.893 56266.89526960 26.48 285.278630  10.865663 15.216 -100.00 -100.00 -100.00
 163     2.035 56266.89527019 34.95 285.279562  10.868155   -100 -100.00 -100.00 -100.00
 163     2.036 56266.89527078 33.68 285.280494  10.870646   -100 -100.00 -100.00 -100.00
 164     1.664 56276.81091086 32.96 285.278606  10.866560   -100 -100.00 -100.00 -100.00
 164     1.905 56276.81091145 27.87 285.279538  10.869051 17.242 -100.00 -100.00 -100.00
 164     1.645 56276.81091204 31.27 285.280470  10.871543 29.995 -100.00 -100.00 -100.00
 165     1.442 56286.72655859 37.80 285.277456  10.865849   -100 -100.00 -100.00 -100.00
 165     1.659 56286.72655918 39.49 285.278388  10.868340   -100 -100.00 -100.00 -100.00
 165     1.472 56286.72655977 42.79 285.279320  10.870832  4.302 -100.00 -100.00 -100.00
 166     1.367 56296.64220873 33.89 285.276888  10.865380   -100 -100.00 -100.00 -100.00
 166     1.080 56296.64220932 37.02 285.277820  10.867872   -100 -100.00 -100.00 -100.00
 166     1.109 56296.64220991 35.48 285.278752  10.870364   -100 -100.00 -100.00 -100.00
 167     1.238 56306.55785445 43.64 285.275891  10.863703 29.342 -100.00 -100.00 -100.00
 167     1.216 56306.55785504 44.51 285.276823  10.866195   -100 -100.00 -100.00 -100.00
 167     1.045 56306.55785563 51.11 285.277755  10.868686   -100 -100.00 -100.00 -100.00
 167     0.720 56306.55785622 54.10 285.278687  10.871178   -100 -100.00 -100.00 -100.00
 168     1.279 56316.47349726 28.16 285.275229  10.864080 18.796 -100.00 -100.00 -100.00
 168     0.582 56316.47349785 33.92 285.276161  10.866572   -100 -100.00 -100.00 -100.00
 168     0.653 56316.47349844 31.20 285.277093  10.869064   -100 -100.00 -100.00 -100.00
 169     1.040 56326.38913812 37.03 285.274692  10.864583   -100 -100.00 -100.00 -100.00
 169     0.694 56326.38913871 37.48 285.275624  10.867074  4.459 -100.00 -100.00 -100.00
 169     0.650 56326.38913930 31.52 285.276556  10.869566 30.855 -100.00 -100.00 -100.00
 170     0.806 56336.30477782 34.00 285.275838  10.864359   -100 -100.00 -100.00 -100.00
 170     0.774 56336.30477841 35.12 285.276770  10.866851   -100 -100.00 -100.00 -100.00
 170     0.734 56336.30477900 31.86 285.277702  10.869342   -100 -100.00 -100.00 -100.00
 171     1.639 56346.22041659 29.90 285.279485  10.865476 17.705 -100.00 -100.00 -100.00
 171     0.838 56346.22041718 32.96 285.280417  10.867968   -100 -100.00 -100.00 -100.00
 171     0.771 56346.22041777 33.39 285.281349  10.870460   -100 -100.00 -100.00 -100.00
 171     0.670 56346.22041837 33.61 285.282281  10.872952   -100 -100.00 -100.00 -100.00
 171     0.787 56346.22041896 25.79 285.283213  10.875443 16.746 -100.00 -100.00 -100.00
 172     0.875 56356.13605345 29.78 285.284527  10.868480   -100 -100.00 -100.00 -100.00
 172     0.746 56356.13605404 29.84 285.285459  10.870972 32.713 -100.00 -100.00 -100.00
 172     0.608 56356.13605463 25.31 285.286392  10.873463 17.933 -100.00 -100.00 -100.00
 173     1.124 56366.05169982 20.91 285.282695  10.867446  9.720 -100.00 -100.00 -100.00
 173     1.128 56366.05170041 25.76 285.283627  10.869938 18.882 -100.00 -100.00 -100.00
 173     0.918 56366.05170100 23.95 285.284559  10.872430 15.159 -100.00 -100.00 -100.00
 174     1.069 56375.96734786 27.47 285.278856  10.866283 27.706 -100.00 -100.00 -100.00
 174     1.113 56375.96734845 29.76 285.279788  10.868775   -100 -100.00 -100.00 -100.00
 174     1.003 56375.96734904 28.20 285.280721  10.871267 31.060 -100.00 -100.00 -100.00
 176     0.890 56395.79863669 30.17 285.273922  10.863596   -100 -100.00 -100.00 -100.00
 176     1.022 56395.79863728 26.06 285.274854  10.866088 24.223 -100.00 -100.00 -100.00
 176     0.800 56395.79863787 25.76 285.275786  10.868580 23.416 -100.00 -100.00 -100.00
 177     0.927 56405.71427875 29.54 285.275516  10.864345 20.106 -100.00 -100.00 -100.00
 177     1.143 56405.71427934 33.78 285.276448  10.866837   -100 -100.00 -100.00 -100.00
 177     0.891 56405.71427993 32.95 285.277381  10.869329   -100 -100.00 -100.00 -100.00
 178     1.608 56415.62991772 31.59 285.278863  10.865592   -100 -100.00 -100.00 -100.00
 178     1.521 56415.62991831 38.83 285.279795  10.868084   -100 -100.00 -100.00 -100.00
 178     1.264 56415.62991890 34.46 285.280728  10.870576   -100 -100.00 -100.00 -100.00
 178     0.960 56415.62991949 28.26 285.281660  10.873068 31.584 -100.00 -100.00 -100.00
 179     2.328 56425.54555216 37.88 285.284249  10.868198 19.702 -100.00 -100.00 -100.00
 179     1.394 56425.54555275 40.04 285.285181  10.870690 16.521 -100.00 -100.00 -100.00
 179     1.218 56425.54555334 30.53 285.286113  10.873182   -100 -100.00 -100.00 -100.00
 180     1.483 56435.46119994 40.67 285.281420  10.866271   -100 -100.00 -100.00 -100.00
 180     2.292 56435.46120053 43.84 285.282352  10.868763 23.041 -100.00 -100.00 -100.00
 180     1.781 56435.46120112 45.67 285.283284  10.871254   -100 -100.00 -100.00 -100.00
 180     1.673 56435.46120171 51.04 285.284216  10.873746   -100 -100.00 -100.00 -100.00
 181     2.021 56445.37685085 44.65 285.276958  10.865504   -100 -100.00 -100.00 -100.00
 181     2.307 56445.37685144 47.95 285.277890  10.867995   -100 -100.00 -100.00 -100.00
 181     1.742 56445.37685203 50.31 285.278822  10.870487   -100 -100.00 -100.00 -100.00
 182     2.243 56455.29249918 41.84 285.274005  10.863754   -100 -100.00 -100.00 -100.00
 182     2.314 56455.29249977 43.64 285.274937  10.866245   -100 -100.00 -100.00 -100.00
 182     2.019 56455.29250036 32.37 285.275869  10.868737 26.116 -100.00 -100.00 -100.00
 183     2.019 56465.20814491 42.27 285.273477  10.862998 17.648 -100.00 -100.00 -100.00
 183     2.158 56465.20814550 46.32 285.274409  10.865489   -100 -100.00 -100.00 -100.00
 183     2.277 56465.20814609 41.58 285.275341  10.867981   -100 -100.00 -100.00 -100.00
 183     1.977 56465.20814668 32.08 285.276273  10.870472   -100 -100.00 -100.00 -100.00
 184     1.847 56475.12378741 38.98 285.275161  10.863289   -100 -100.00 -100.00 -100.00
 184     2.028 56475.12378800 35.87 285.276093  10.865781   -100 -100.00 -100.00 -100.00
 184     2.090 56475.12378859 32.09 285.277025  10.868272 21.442 -100.00 -100.00 -100.00
 184     1.795 56475.12378918 34.13 285.277957  10.870764 30.497 -100.00 -100.00 -100.00
 185     1.842 56485.03942697 34.03 285.278164  10.864837   -100 -100.00 -100.00 -100.00
 185     1.963 56485.03942756 34.83 285.279096  10.867328   -100 -100.00 -100.00 -100.00
 185     1.835 56485.03942815 33.15 285.280028  10.869820   -100 -100.00 -100.00 -100.00
 185     1.508 56485.03942874 33.29 285.280961  10.872311   -100 -100.00 -100.00 -100.00
 187     1.361 56504.87069876 35.89 285.282858  10.867064   -100 -100.00 -100.00 -100.00
 187     1.168 56504.87069935 39.05 285.283790  10.869555 25.425 -100.00 -100.00 -100.00
 187     1.065 56504.87069994 29.86 285.284722  10.872046 30.410 -100.00 -100.00 -100.00
 189     1.757 56524.70198540 37.19 285.285118  10.867911   -100 -100.00 -100.00 -100.00
 189     1.499 56524.70198599 38.42 285.286050  10.870403   -100 -100.00 -100.00 -100.00
 189     1.245 56524.70198658 30.11 285.286982  10.872894 30.915 -100.00 -100.00 -100.00
 190     2.122 56534.61763687 40.66 285.283369  10.868224 25.580 -100.00 -100.00 -100.00
 190     1.672 56534.61763746 42.76 285.284301  10.870715   -100 -100.00 -100.00 -100.00
 190     1.349 56534.61763805 38.37 285.285233  10.873207   -100 -100.00 -100.00 -100.00
 192     1.761 56554.44892817 43.08 285.278112  10.866442  6.310 -100.00 -100.00 -100.00
 192     1.966 56554.44892876 39.06 285.279044  10.868933   -100 -100.00 -100.00 -100.00
 192     1.672 56554.44892935 38.63 285.279976  10.871425   -100 -100.00 -100.00 -100.00
 193     2.050 56564.36457027 43.69 285.276481  10.864853   -100 -100.00 -100.00 -100.00
 193     2.055 56564.36457086 48.19 285.277413  10.867344   -100 -100.00 -100.00 -100.00
 193     1.652 56564.36457145 50.95 285.278345  10.869836   -100 -100.00 -100.00 -100.00
 194     1.904 56574.28021129 39.03 285.276844  10.863981   -100 -100.00 -100.00 -100.00
 194     1.793 56574.28021188 42.00 285.277776  10.866473  3.382 -100.00 -100.00 -100.00
 194     1.986 56574.28021247 37.72 285.278708  10.868964   -100 -100.00 -100.00 -100.00
 194     1.753 56574.28021306 38.19 285.279640  10.871455   -100 -100.00 -100.00 -100.00
 195     2.151 56584.19585056 42.11 285.280359  10.866068   -100 -100.00 -100.00 -100.00
 195     1.914 56584.19585115 43.96 285.281291  10.868559  3.075 -100.00 -100.00 -100.00
 195     2.195 56584.19585174 45.05 285.282223  10.871051   -100 -100.00 -100.00 -100.00
 195     1.833 56584.19585233 49.27 285.283155  10.873542 28.031 -100.00 -100.00 -100.00
 196     2.296 56594.11148604 40.01 285.285810  10.868528   -100 -100.00 -100.00 -100.00
 196     2.004 56594.11148663 37.09 285.286741  10.871019   -100 -100.00 -100.00 -100.00
 197     2.354 56604.02713895 43.01 285.282250  10.867995   -100 -100.00 -100.00 -100.00
 197     2.038 56604.02713954 45.11 285.283182  10.870486 12.780 -100.00 -100.00 -100.00
 197     1.830 56604.02714013 41.13 285.284114  10.872978   -100 -100.00 -100.00 -100.00
 198     2.357 56613.94278710 37.74 285.278953  10.866489   -100 -100.00 -100.00 -100.00
 198     2.089 56613.94278769 38.71 285.279885  10.868981  5.671 -100.00 -100.00 -100.00
 198     1.918 56613.94278828 34.25 285.280817  10.871472   -100 -100.00 -100.00 -100.00
 199     2.258 56623.85843175 35.53 285.277478  10.865329   -100 -100.00 -100.00 -100.00
 199     1.962 56623.85843234 37.99 285.278410  10.867821  0.442 -100.00 -100.00 -100.00
 199     1.882 56623.85843293 33.20 285.279342  10.870312   -100 -100.00 -100.00 -100.00
 200     2.068 56633.77407387 35.33 285.277409  10.864453   -100 -100.00 -100.00 -100.00
 200     1.953 56633.77407446 36.54 285.278341  10.866944   -100 -100.00 -100.00 -100.00
 200     2.179 56633.77407505 31.19 285.279273  10.869436 24.242 -100.00 -100.00 -100.00
 200     1.896 56633.77407564 31.68 285.280205  10.871927 30.333 -100.00 -100.00 -100.00
 201     2.151 56643.68971205 38.80 285.280857  10.865983   -100 -100.00 -100.00 -100.00
 201     2.429 56643.68971264 40.54 285.281789  10.868475   -100 -100.00 -100.00 -100.00
 201     2.398 56643.68971323 44.02 285.282721  10.870967   -100 -100.00 -100.00 -100.00
 201     2.001 56643.68971382 48.41 285.283653  10.873459   -100 -100.00 -100.00 -100.00
 202     2.106 56653.60536415 36.91 285.278363  10.864826   -100 -100.00 -100.00 -100.00
 202     1.841 56653.60536474 39.06 285.279295  10.867318   -100 -100.00 -100.00 -100.00
 202     2.123 56653.60536533 41.02 285.280228  10.869810   -100 -100.00 -100.00 -100.00
 202     1.765 56653.60536592 40.31 285.281160  10.872301   -100 -100.00 -100.00 -100.00
 203     1.747 56663.52101340 41.66 285.276618  10.865078   -100 -100.00 -100.00 -100.00
 203     2.122 56663.52101399 44.85 285.277551  10.867570 32.271 -100.00 -100.00 -100.00
 203     1.711 56663.52101458 50.13 285.278483  10.870062  4.425 -100.00 -100.00 -100.00
 205     1.621 56683.35230382 32.87 285.273839  10.863395 27.229 -100.00 -100.00 -100.00
 205     1.678 56683.35230441 36.11 285.274772  10.865887 29.160 -100.00 -100.00 -100.00
 205     0.938 56683.35230500 41.90 285.275704  10.868379   -100 -100.00 -100.00 -100.00
 206     1.498 56693.26794625 34.32 285.274866  10.862846   -100 -100.00 -100.00 -100.00
 206     1.002 56693.26794684 36.36 285.275798  10.865338   -100 -100.00 -100.00 -100.00
 206     1.002 56693.26794743 30.57 285.276730  10.867830   -100 -100.00 -100.00 -100.00
 206     0.808 56693.26794802 30.58 285.277662  10.870321   -100 -100.00 -100.00 -100.00
 207     1.130 56703.18358578 31.22 285.279911  10.867072 29.347 -100.00 -100.00 -100.00
 207     0.842 56703.18358637 33.28 285.280843  10.869564   -100 -100.00 -100.00 -100.00
 207     1.086 56703.18358696 33.01 285.281775  10.872055   -100 -100.00 -100.00 -100.00
 207     0.741 56703.18358755 32.19 285.282707  10.874547   -100 -100.00 -100.00 -100.00
 208     0.830 56713.09921932 32.31 285.284159  10.867544   -100 -100.00 -100.00 -100.00
 208     0.901 56713.09921991 31.78 285.285092  10.870036   -100 -100.00 -100.00 -100.00
 208     0.981 56713.09922050 25.46 285.286024  10.872527 17.053 -100.00 -100.00 -100.00
 209     1.257 56723.01486654 30.81 285.280398  10.865755 31.502 -100.00 -100.00 -100.00
 209     1.328 56723.01486713 33.26 285.281330  10.868247 32.187 -100.00 -100.00 -100.00
 209     1.016 56723.01486772 35.24 285.282262  10.870738   -100 -100.00 -100.00 -100.00
 209     0.828 56723.01486831 36.80 285.283195  10.873230  6.912 -100.00 -100.00 -100.00
 210     1.308 56732.93051664 27.85 285.275022  10.863936 23.709 -100.00 -100.00 -100.00
 210     0.995 56732.93051723 26.42 285.275954  10.866428 20.333 -100.00 -100.00 -100.00
 210     1.175 56732.93051782 23.24 285.276886  10.868920 11.873 -100.00 -100.00 -100.00
 211     1.220 56742.84616348 24.44 285.271622  10.861422 14.617 -100.00 -100.00 -100.00
 211     1.373 56742.84616407 27.43 285.272554  10.863914 19.479 -100.00 -100.00 -100.00
 211     1.394 56742.84616466 29.81 285.273486  10.866406 28.808 -100.00 -100.00 -100.00
 211     1.095 56742.84616525 31.21 285.274418  10.868898   -100 -100.00 -100.00 -100.00
 212     1.001 56752.76180709 22.18 285.272845  10.862149 12.316 -100.00 -100.00 -100.00
 212     1.197 56752.76180768 29.07 285.273777  10.864641 25.137 -100.00 -100.00 -100.00
 212     1.092 56752.76180827 28.67 285.274709  10.867133 29.336 -100.00 -100.00 -100.00
 212     0.998 56752.76180886 24.61 285.275641  10.869625 17.667 -100.00 -100.00 -100.00
 213     1.555 56762.67744609 38.09 285.277754  10.864892 20.251 -100.00 -100.00 -100.00
 213     0.888 56762.67744668 40.96 285.278686  10.867384   -100 -100.00 -100.00 -100.00
 213     1.235 56762.67744727 46.25 285.279618  10.869876   -100 -100.00 -100.00 -100.00
 213     0.767 56762.67744786 49.36 285.280550  10.872368 29.532 -100.00 -100.00 -100.00
 214     1.546 56772.59307884 32.15 285.283639  10.867377 27.027 -100.00 -100.00 -100.00
 214     1.819 56772.59307943 35.01 285.284571  10.869869 24.829 -100.00 -100.00 -100.00
 214     1.026 56772.59308002 41.15 285.285503  10.872361 29.027 -100.00 -100.00 -100.00
 215     2.152 56782.50873531 39.98 285.277035  10.864223 19.928 -100.00 -100.00 -100.00
 215     1.634 56782.50873590 41.64 285.277967  10.866714   -100 -100.00 -100.00 -100.00
 215     1.739 56782.50873649 48.14 285.278899  10.869206   -100 -100.00 -100.00 -100.00
 215     1.128 56782.50873708 52.06 285.279831  10.871698   -100 -100.00 -100.00 -100.00
 216     1.616 56792.42438804 46.03 285.271382  10.861371   -100 -100.00 -100.00 -100.00
 216     1.520 56792.42438863 47.77 285.272315  10.863863  1.042 -100.00 -100.00 -100.00
 216     1.591 56792.42438922 46.32 285.273247  10.866355   -100 -100.00 -100.00 -100.00
 216     1.563 56792.42438981 51.13 285.274179  10.868847  0.443 -100.00 -100.00 -100.00
 217     1.814 56802.34003751 34.50 285.266667  10.857076   -100 -100.00 -100.00 -100.00
 217     2.004 56802.34003810 38.15 285.267599  10.859568   -100 -100.00 -100.00 -100.00
 217     1.626 56802.34003869 38.26 285.268531  10.862060  6.495 -100.00 -100.00 -100.00
 217     1.752 56802.34003928 36.37 285.269464  10.864552   -100 -100.00 -100.00 -100.00
 217     1.456 56802.34003987 35.58 285.270396  10.867043   -100 -100.00 -100.00 -100.00
 218     1.731 56812.25568122 31.70 285.268736  10.859450 29.865 -100.00 -100.00 -100.00
 218     1.651 56812.25568181 35.08 285.269668  10.861942   -100 -100.00 -100.00 -100.00
 218     1.843 56812.25568240 37.44 285.270600  10.864434   -100 -100.00 -100.00 -100.00
 218     1.528 56812.25568299 37.47 285.271532  10.866925   -100 -100.00 -100.00 -100.00
 218     1.671 56812.25568358 38.49 285.272464  10.869417  2.731 -100.00 -100.00 -100.00
 219     1.917 56822.17132162 38.06 285.273031  10.863544   -100 -100.00 -100.00 -100.00
 219     1.838 56822.17132221 39.80 285.273963  10.866036   -100 -100.00 -100.00 -100.00
 219     1.642 56822.17132281 39.34 285.274895  10.868527 13.955 -100.00 -100.00 -100.00
 220     1.374 56832.08695728 33.10 285.277082  10.864592   -100 -100.00 -100.00 -100.00
 220     1.579 56832.08695787 29.62 285.278014  10.867083 29.562 -100.00 -100.00 -100.00
 220     1.524 56832.08695846 32.50 285.278947  10.869575   -100 -100.00 -100.00 -100.00
 221     1.487 56842.00259007 31.20 285.282013  10.866934 29.884 -100.00 -100.00 -100.00
 221     1.689 56842.00259066 33.04 285.282945  10.869425   -100 -100.00 -100.00 -100.00
 221     1.493 56842.00259125 35.82 285.283878  10.871917   -100 -100.00 -100.00 -100.00
 221     1.195 56842.00259184 27.23 285.284810  10.874408 20.524 -100.00 -100.00 -100.00
 222     1.379 56851.91822886 30.25 285.283268  10.867040 26.416 -100.00 -100.00 -100.00
 222     1.036 56851.91822945 31.30 285.284200  10.869532   -100 -100.00 -100.00 -100.00
 222     1.177 56851.91823004 31.83 285.285132  10.872023   -100 -100.00 -100.00 -100.00
 223     0.886 56861.83388257 30.68 285.278856  10.865082   -100 -100.00 -100.00 -100.00
 223     1.038 56861.83388316 31.33 285.279788  10.867573   -100 -100.00 -100.00 -100.00
 223     1.138 56861.83388375 32.33 285.280720  10.870065   -100 -100.00 -100.00 -100.00
 223     0.996 56861.83388434 27.88 285.281652  10.872556 27.501 -100.00 -100.00 -100.00
 224     1.451 56871.74953600 32.14 285.276004  10.863510 25.608 -100.00 -100.00 -100.00
 224     0.922 56871.74953659 35.42 285.276936  10.866001   -100 -100.00 -100.00 -100.00
 224     1.006 56871.74953718 40.21 285.277868  10.868493 16.642 -100.00 -100.00 -100.00
 224     1.091 56871.74953777 28.48 285.278800  10.870984 29.026 -100.00 -100.00 -100.00
 225     2.050 56881.66518673 40.05 285.274664  10.862779 17.109 -100.00 -100.00 -100.00
 225     1.131 56881.66518732 40.85 285.275596  10.865270   -100 -100.00 -100.00 -100.00
 225     0.880 56881.66518791 47.50 285.276528  10.867762 23.800 -100.00 -100.00 -100.00
 225     1.069 56881.66518850 44.47 285.277460  10.870253  8.310 -100.00 -100.00 -100.00
 226     1.160 56891.58083378 41.12 285.273500  10.862234   -100 -100.00 -100.00 -100.00
 226     1.258 56891.58083437 41.78 285.274432  10.864726   -100 -100.00 -100.00 -100.00
 226     1.044 56891.58083496 45.13 285.275364  10.867217   -100 -100.00 -100.00 -100.00
 226     1.431 56891.58083555 47.21 285.276296  10.869709   -100 -100.00 -100.00 -100.00
 227     1.156 56901.49647760 34.37 285.271512  10.861868   -100 -100.00 -100.00 -100.00
 227     1.236 56901.49647819 36.35 285.272444  10.864360   -100 -100.00 -100.00 -100.00
 227     1.352 56901.49647878 36.05 285.273376  10.866851   -100 -100.00 -100.00 -100.00
 227     1.351 56901.49647937 35.14 285.274308  10.869343   -100 -100.00 -100.00 -100.00
 228     1.689 56911.41211863 43.13 285.268398  10.858960   -100 -100.00 -100.00 -100.00
 228     1.363 56911.41211922 45.32 285.269330  10.861451  0.257 -100.00 -100.00 -100.00
 228     1.153 56911.41211981 36.71 285.270262  10.863942   -100 -100.00 -100.00 -100.00
 228     1.085 56911.41212040 36.10 285.271194  10.866434   -100 -100.00 -100.00 -100.00
 228     1.104 56911.41212100 37.03 285.272126  10.868925   -100 -100.00 -100.00 -100.00
 229     1.518 56921.32775905 38.13 285.269452  10.859851 32.507 -100.00 -100.00 -100.00
 229     1.321 56921.32775964 38.93 285.270383  10.862342   -100 -100.00 -100.00 -100.00
 229     1.145 56921.32776023 37.99 285.271315  10.864833   -100 -100.00 -100.00 -100.00
 229     1.238 56921.32776082 43.25 285.272247  10.867325  8.813 -100.00 -100.00 -100.00
 229     1.208 56921.32776141 41.22 285.273179  10.869816  5.011 -100.00 -100.00 -100.00
 230     1.693 56931.24339799 37.88 285.274209  10.862649   -100 -100.00 -100.00 -100.00
 230     1.424 56931.24339858 38.27 285.275141  10.865141   -100 -100.00 -100.00 -100.00
 230     1.614 56931.24339917 37.07 285.276073  10.867632   -100 -100.00 -100.00 -100.00
 230     1.300 56931.24339976 33.66 285.277005  10.870124   -100 -100.00 -100.00 -100.00
 231     1.372 56941.15903257 38.84 285.281747  10.867552   -100 -100.00 -100.00 -100.00
 231     1.587 56941.15903316 39.83 285.282679  10.870043   -100 -100.00 -100.00 -100.00
 231     2.024 56941.15903375 42.00 285.283611  10.872535 29.117 -100.00 -100.00 -100.00
 232     1.904 56951.07467357 38.76 285.284629  10.869096   -100 -100.00 -100.00 -100.00
 232     1.953 56951.07467416 42.96 285.285561  10.871587   -100 -100.00 -100.00 -100.00
 233     2.548 56960.99032424 39.86 285.279997  10.866797 26.067 -100.00 -100.00 -100.00
 233     1.857 56960.99032483 46.53 285.280929  10.869289 24.707 -100.00 -100.00 -100.00
 233     1.644 56960.99032542 38.58 285.281861  10.871780   -100 -100.00 -100.00 -100.00
 233     1.823 56960.99032601 34.39 285.282793  10.874271   -100 -100.00 -100.00 -100.00
 234     1.927 56970.90597028 41.07 285.276098  10.864594   -100 -100.00 -100.00 -100.00
 234     1.789 56970.90597087 38.22 285.277030  10.867086   -100 -100.00 -100.00 -100.00
 234     1.852 56970.90597146 35.55 285.277962  10.869577   -100 -100.00 -100.00 -100.00
 235     2.258 56980.82161300 38.15 285.275500  10.863307 32.733 -100.00 -100.00 -100.00
 235     1.889 56980.82161359 40.22 285.276432  10.865798 12.483 -100.00 -100.00 -100.00
 235     2.109 56980.82161418 36.06 285.277364  10.868290   -100 -100.00 -100.00 -100.00
 235     1.799 56980.82161477 33.49 285.278296  10.870781   -100 -100.00 -100.00 -100.00
 236     2.248 56990.73725257 41.09 285.279333  10.865907   -100 -100.00 -100.00 -100.00
 236     2.326 56990.73725316 42.73 285.280265  10.868399   -100 -100.00 -100.00 -100.00
 236     1.995 56990.73725375 41.10 285.281197  10.870891 20.407 -100.00 -100.00 -100.00
 236     2.158 56990.73725434 31.10 285.282129  10.873382 24.615 -100.00 -100.00 -100.00
 237     2.863 57000.65288620 40.92 285.286252  10.869306 20.555 -100.00 -100.00 -100.00
 237     2.143 57000.65288679 45.04 285.287185  10.871798   -100 -100.00 -100.00 -100.00
 238     2.029 57010.56854222 43.30 285.282230  10.868378   -100 -100.00 -100.00 -100.00
 238     2.228 57010.56854281 43.72 285.283162  10.870869   -100 -100.00 -100.00 -100.00
 238     2.029 57010.56854340 38.24 285.284095  10.873361 30.476 -100.00 -100.00 -100.00
 239     1.746 57020.48419349 41.34 285.277844  10.865498 20.117 -100.00 -100.00 -100.00
 239     1.969 57020.48419408 37.48 285.278777  10.867990   -100 -100.00 -100.00 -100.00
 239     1.640 57020.48419467 37.19 285.279709  10.870482   -100 -100.00 -100.00 -100.00
 240     1.557 57030.39984178 36.08 285.274660  10.863500   -100 -100.00 -100.00 -100.00
 240     1.435 57030.39984237 34.63 285.275592  10.865991   -100 -100.00 -100.00 -100.00
 240     1.123 57030.39984296 35.34 285.276524  10.868483   -100 -100.00 -100.00 -100.00
 240     1.210 57030.39984355 29.72 285.277456  10.870975 25.353 -100.00 -100.00 -100.00
 241     1.427 57040.31548852 33.47 285.273670  10.862891 32.369 -100.00 -100.00 -100.00
 241     1.177 57040.31548911 38.31 285.274602  10.865383  3.878 -100.00 -100.00 -100.00
 241     1.312 57040.31548970 28.46 285.275534  10.867875 23.098 -100.00 -100.00 -100.00
 241     1.017 57040.31549029 30.40 285.276466  10.870367 30.228 -100.00 -100.00 -100.00
 242     1.346 57050.23113353 34.54 285.274947  10.863647   -100 -100.00 -100.00 -100.00
 242     1.195 57050.23113412 31.12 285.275879  10.866139   -100 -100.00 -100.00 -100.00
 242     0.880 57050.23113471 32.90 285.276811  10.868630   -100 -100.00 -100.00 -100.00
 243     1.010 57060.14677491 33.50 285.278376  10.865443   -100 -100.00 -100.00 -100.00
 243     0.830 57060.14677550 31.73 285.279309  10.867934   -100 -100.00 -100.00 -100.00
 243     0.861 57060.14677609 31.74 285.280241  10.870426   -100 -100.00 -100.00 -100.00
 244     1.246 57070.06241066 31.09 285.281851  10.866844   -100 -100.00 -100.00 -100.00
 244     1.035 57070.06241125 34.64 285.282783  10.869336   -100 -100.00 -100.00 -100.00
 244     1.093 57070.06241184 30.95 285.283715  10.871828   -100 -100.00 -100.00 -100.00
 244     0.952 57070.06241243 27.18 285.284647  10.874320 22.445 -100.00 -100.00 -100.00
 245     1.136 57079.97804223 32.19 285.284480  10.868130   -100 -100.00 -100.00 -100.00
 245     0.898 57079.97804282 34.65 285.285413  10.870621  1.382 -100.00 -100.00 -100.00
 245     0.815 57079.97804341 27.12 285.286345  10.873113 22.636 -100.00 -100.00 -100.00
 246     0.779 57089.89368171 31.36 285.283986  10.868791   -100 -100.00 -100.00 -100.00
 246     0.855 57089.89368230 25.35 285.284918  10.871283 17.622 -100.00 -100.00 -100.00
 246     0.801 57089.89368289 29.42 285.285851  10.873775 31.733 -100.00 -100.00 -100.00
 247     0.736 57099.80933880 31.45 285.277477  10.865825   -100 -100.00 -100.00 -100.00
 247     0.878 57099.80933939 31.04 285.278409  10.868317   -100 -100.00 -100.00 -100.00
 247     0.559 57099.80933998 30.75 285.279342  10.870808   -100 -100.00 -100.00 -100.00
 248     1.218 57109.72499337 29.22 285.274643  10.863878 25.961 -100.00 -100.00 -100.00
 248     1.297 57109.72499396 32.42 285.275575  10.866370 31.360 -100.00 -100.00 -100.00
 248     1.104 57109.72499455 34.35 285.276507  10.868862   -100 -100.00 -100.00 -100.00
 249     1.283 57119.64064343 30.46 285.275970  10.865043 28.658 -100.00 -100.00 -100.00
 249     1.132 57119.64064402 32.27 285.276902  10.867535   -100 -100.00 -100.00 -100.00
 249     0.933 57119.64064461 30.36 285.277834  10.870027   -100 -100.00 -100.00 -100.00
 250     1.436 57129.55628705 42.81 285.276664  10.864826   -100 -100.00 -100.00 -100.00
 250     1.974 57129.55628764 45.28 285.277596  10.867318 20.294 -100.00 -100.00 -100.00
 250     1.001 57129.55628823 52.63 285.278529  10.869810 27.596 -100.00 -100.00 -100.00
