#    0.000   0.000   0.000 ;Mean Elev.(m), Avg Gradient(m/km), RMS Gradient(m/km) - SRTM1     
#    0.000   0.000   0.000 ;Mean Elev.(m), Avg Gradient(m/km), RMS Gradient(m/km) - ASTER GDEM
#    2.681  -1.700   2.119 ;Mean Elev.(m), Avg Gradient(m/km), RMS Gradient(m/km) - GMTED2010 
   1 285.284461  10.871314     3.004     3.044  3 54660.56114782 46.963
   2 285.282048  10.871436     2.956     2.950  4 54670.47679319 42.580
   3 285.279465  10.868417     3.083     3.103  3 54680.39243596 37.439
   4 285.281344  10.869783     3.316     3.317  4 54690.30807882 49.743
   5 285.285132  10.870071     3.430     3.311  3 54700.22371936 48.913
   7 285.283797  10.869466     3.092     3.093  3 54720.05501536 38.036
   8 285.279718  10.869124     3.134     3.123  3 54729.97066366 37.442
   9 285.275186  10.866481     3.353     3.397  3 54739.88631022 48.370
  10 285.273324  10.865892     3.251     3.230  4 54749.80195758 50.733
  11 285.272712  10.865133     3.011     3.022  4 54759.71760485 43.304
  12 285.274112  10.866162     3.192     3.196  3 54769.63325034 51.623
  13 285.276044  10.867119     3.358     3.379  4 54779.54889242 50.446
  14 285.277277  10.866743     3.450     3.405  3 54789.46453142 37.330
  15 285.279161  10.869071     3.350     3.313  3 54799.38016967 46.180
  17 285.284725  10.871213     3.463     3.471  3 54819.21144563 32.720
  18 285.282858  10.870455     3.103     3.124  4 54829.12709739 34.618
  19 285.278814  10.867975     2.896     2.881  3 54839.04273533 34.905
  20 285.273937  10.866310     2.527     2.466  3 54848.95838384 35.863
  21 285.269763  10.863303     2.414     2.415  6 54858.87403187 34.951
  22 285.268163  10.862119     2.030     2.031  6 54868.78968070 32.483
  23 285.269067  10.862528     1.947     1.905  6 54878.70532921 46.542
  24 285.271549  10.864132     1.763     1.698  4 54888.62097487 35.502
  25 285.272000  10.865205     1.666     1.678  4 54898.53661680 33.152
  26 285.269676  10.862510     1.559     1.490  5 54908.45225490 38.406
  27 285.269478  10.862343     1.658     1.784  5 54918.36789215 37.907
  28 285.272902  10.865441     1.426     1.383  4 54928.28353013 32.425
  29 285.278036  10.867689     1.554     1.573  3 54938.19916735 27.976
  30 285.284058  10.871253     1.603     1.737  3 54948.11480322 23.108
  31 285.287364  10.871425     1.977     1.977  2 54958.03043890 31.693
  32 285.284540  10.870580     1.872     1.868  3 54967.94608683 30.609
  33 285.282058  10.870610     1.975     1.967  4 54977.86173419 27.000
  34 285.279411  10.868273     2.158     2.176  3 54987.77738114 31.894
  35 285.278820  10.868192     2.119     2.088  3 54997.69302892 45.944
  36 285.278247  10.867663     2.169     2.073  3 55007.60867479 32.983
  37 285.277608  10.867538     2.136     2.111  3 55017.52431851 45.303
  38 285.276009  10.866371     2.081     2.046  3 55027.43996033 43.999
  39 285.275546  10.866970     1.862     1.818  3 55037.35560195 30.531
  40 285.277570  10.867508     1.687     1.697  4 55047.27124271 27.882
  41 285.282698  10.870261     1.426     1.508  3 55057.18688227 23.069
  42 285.286611  10.870788     1.984     1.984  2 55067.10251940 29.182
  43 285.283434  10.869629     1.670     1.709  3 55077.01816906 25.602
  44 285.278373  10.867842     1.512     1.514  4 55086.93381616 25.921
  45 285.274090  10.865760     1.675     1.725  4 55096.84946193 27.798
  46 285.273235  10.865946     2.203     1.507  3 55106.76510819 23.930
  47 285.274326  10.866183     1.204     1.241  4 55116.68075418 34.912
  48 285.275854  10.866254     1.688     1.706  3 55126.59639781 37.681
  49 285.277004  10.867124     1.518     1.410  3 55136.51203903 28.229
  50 285.277591  10.867693     1.973     2.010  3 55146.42767789 32.223
  51 285.278677  10.868650     2.238     2.285  3 55156.34331589 38.883
  52 285.280232  10.868706     1.934     1.914  4 55166.25895376 30.339
  53 285.283551  10.870892     1.651     1.661  3 55176.17459189 30.866
  54 285.284435  10.869614     1.123     1.144  3 55186.09023364 29.070
  55 285.281535  10.870424     1.609     1.612  4 55196.00588464 25.857
  56 285.276163  10.867034     1.487     1.552  4 55205.92153353 25.950
  57 285.272840  10.865607     1.456     1.443  4 55215.83718254 27.625
  58 285.270906  10.863755     1.299     1.332  5 55225.75283109 25.737
  59 285.271798  10.865026     1.779     1.254  4 55235.66847828 24.394
  60 285.273663  10.866071     1.186     1.181  4 55245.58412202 26.061
  61 285.273499  10.865608     1.207     1.240  3 55255.49976226 25.944
  62 285.272233  10.865152     2.061     0.972  3 55265.41540063 26.323
  63 285.272695  10.866269     1.917     1.053  4 55275.33103841 24.901
  64 285.275655  10.866795     2.004     2.511  3 55285.24667544 23.748
  65 285.282108  10.871088     1.736     1.649  4 55295.16231171 24.536
  66 285.284792  10.870743     1.736     1.736  2 55305.07795029 27.567
  67 285.282733  10.870452     1.374     1.393  3 55314.99359694 28.072
  68 285.280166  10.869330     1.359     1.354  3 55324.90924194 24.704
  69 285.278283  10.867658     1.635     1.565  3 55334.82488584 32.771
  70 285.277859  10.867616     1.843     1.825  3 55344.74052990 43.235
  71 285.278294  10.867990     2.206     2.105  4 55354.65617333 49.067
  72 285.278855  10.868031     2.260     2.230  4 55364.57181449 39.442
  73 285.279987  10.869213     2.636     2.444  4 55374.48745413 51.390
  74 285.281528  10.870069     2.589     2.542  4 55384.40309238 51.163
  75 285.283553  10.870902     2.777     2.823  3 55394.31872970 48.808
  76 285.286316  10.871029     2.871     2.871  2 55404.23436761 44.044
  77 285.284354  10.870250     2.896     2.881  3 55414.15001847 41.784
  78 285.282956  10.871160     3.119     3.114  4 55424.06566688 37.002
  79 285.280596  10.869667     3.079     3.110  3 55433.98131232 44.277
  80 285.277192  10.867179     3.112     3.077  3 55443.89695621 40.303
  81 285.275375  10.866438     3.189     3.166  4 55453.81259955 42.402
  82 285.276261  10.867387     3.288     3.227  3 55463.72824274 50.328
  83 285.279014  10.867992     3.380     3.341  4 55473.64388368 43.390
  84 285.282690  10.870764     3.567     3.600  4 55483.55952218 40.595
  85 285.284178  10.870590     3.586     3.554  3 55493.47515759 48.736
  86 285.285438  10.870263     3.379     3.401  3 55503.39079137 49.201
  87 285.283086  10.869825     3.394     3.437  3 55513.30643835 45.020
  88 285.281686  10.870619     3.447     3.474  4 55523.22208775 39.680
  89 285.279552  10.868495     3.334     3.368  3 55533.13773491 41.428
  90 285.277748  10.867304     3.255     3.176  3 55543.05338073 33.565
  91 285.276118  10.866756     3.299     3.319  3 55552.96902489 35.319
  92 285.274826  10.866568     3.366     3.321  4 55562.88466819 34.563
  93 285.275626  10.866802     3.075     3.057  3 55572.80031121 32.384
  94 285.277575  10.867121     3.113     3.159  3 55582.71595311 45.334
  95 285.280960  10.869852     2.349     2.341  4 55592.63159219 36.811
  96 285.283310  10.869626     1.740     1.574  3 55602.54722709 48.988
  97 285.285535  10.870136     1.728     1.797  3 55612.46285974 31.616
  99 285.283508  10.870407     1.368     1.265  3 55632.29414656 28.506
 100 285.282083  10.870137     1.279     1.343  4 55642.20979653 27.826
 101 285.281706  10.869515     1.533     1.472  4 55652.12544373 28.375
 102 285.281518  10.869608     1.271     1.173  4 55662.04108715 27.700
 103 285.280507  10.869582     2.243     2.272  4 55671.95672756 30.851
 104 285.279758  10.868749     2.597     2.644  4 55681.87236659 34.190
 105 285.282171  10.870413     2.942     2.916  3 55691.78800489 34.450
 106 285.285394  10.870706     3.092     3.125  3 55701.70364132 34.505
 107 285.286464  10.870935     3.420     3.420  2 55711.61928346 48.760
 108 285.283270  10.870653     3.180     3.170  3 55721.53493277 35.362
 109 285.279774  10.869345     3.188     3.172  3 55731.45057960 37.147
 110 285.277626  10.867214     3.199     3.208  3 55741.36622491 45.003
 111 285.277931  10.867648     2.903     2.809  3 55751.28186964 33.750
 112 285.280430  10.869572     2.800     2.809  4 55761.19751252 34.692
 113 285.282587  10.870418     3.004     3.049  4 55771.11315238 42.819
 114 285.283956  10.870669     2.357     2.371  3 55781.02878874 31.626
 115 285.285397  10.870697     2.324     2.324  2 55790.94442275 30.063
 117 285.285992  10.871242     2.778     2.778  2 55810.77570565 49.749
 118 285.285019  10.870783     2.120     2.120  2 55820.69135473 29.590
 119 285.285573  10.870574     2.288     2.240  3 55830.60699926 37.323
 120 285.286508  10.871351     2.127     2.127  2 55840.52263935 42.445
 121 285.286030  10.870121     2.415     2.415  2 55850.43827562 35.003
 122 285.286892  10.870327     2.704     2.704  2 55860.35391000 32.351
 123 285.284018  10.870512     3.054     3.071  4 55870.26956087 49.015
 133 285.277802  10.867396     1.681     1.689  3 55969.42600283 31.944
 134 285.279912  10.868504     1.535     1.502  4 55979.34163926 30.194
 135 285.284921  10.871610     1.369     1.192  3 55989.25727552 31.088
 136 285.286643  10.870833     0.954     0.954  2 55999.17291746 28.894
 137 285.284708  10.870527     1.105     0.970  3 56009.08856771 28.496
 138 285.282163  10.869784     1.168     1.152  4 56019.00421383 30.390
 139 285.278507  10.867384     1.298     1.331  3 56028.91985680 30.060
 141 285.278505  10.867744     2.199     2.146  3 56048.75113940 43.466
 142 285.282908  10.871107     2.327     2.290  4 56058.66677802 38.809
 144 285.283979  10.870565     2.787     2.779  4 56078.49806268 47.945
 145 285.279587  10.868484     2.503     2.444  4 56088.41371005 30.728
 146 285.277725  10.867842     2.090     2.093  3 56098.32935528 36.617
 147 285.278733  10.868222     1.843     1.859  3 56108.24499867 29.673
 148 285.281978  10.869792     1.672     1.695  4 56118.16062811 34.689
 149 285.285412  10.870374     1.550     1.550  2 56128.07626538 23.171
 151 285.284373  10.870473     1.469     1.506  3 56147.90754556 24.014
 152 285.281515  10.870103     1.577     1.563  4 56157.82319475 27.528
 153 285.280507  10.869276     2.042     1.829  3 56167.73884306 48.729
 154 285.281825  10.870927     2.127     2.004  4 56177.65448938 48.649
 155 285.283038  10.870994     1.564     1.551  4 56187.57013066 43.771
 156 285.283289  10.870007     1.547     1.621  3 56197.48576788 42.892
 157 285.284496  10.871088     1.654     1.578  3 56207.40140243 45.761
 158 285.286599  10.871476     1.961     1.961  2 56217.31703512 47.013
 159 285.286847  10.871071     2.259     2.259  2 56227.23267786 45.912
 160 285.285044  10.871067     2.046     2.021  3 56237.14833210 36.756
 161 285.282886  10.869909     1.976     1.933  3 56247.06398237 47.343
 162 285.281376  10.869792     2.158     2.143  4 56256.97962809 35.614
 163 285.279562  10.868155     1.988     2.035  3 56266.89527019 32.940
 164 285.279538  10.869051     1.738     1.664  3 56276.81091145 31.172
 165 285.278388  10.868340     1.524     1.472  3 56286.72655918 40.534
 166 285.277820  10.867872     1.185     1.109  3 56296.64220932 35.649
 167 285.277289  10.867441     1.055     1.131  4 56306.55785534 50.389
 168 285.276161  10.866572     0.838     0.653  3 56316.47349785 31.702
 169 285.275624  10.867074     0.795     0.694  3 56326.38913871 36.043
 170 285.276770  10.866851     0.771     0.774  3 56336.30477841 33.860
 171 285.281349  10.870460     0.941     0.771  5 56346.22041777 31.938
 172 285.285459  10.870972     0.743     0.746  3 56356.13605404 28.758
 173 285.283627  10.869938     1.057     1.124  3 56366.05170041 23.970
 174 285.279788  10.868775     1.062     1.069  3 56375.96734845 28.584
 176 285.274854  10.866088     0.904     0.890  3 56395.79863728 27.830
 177 285.276448  10.866837     0.987     0.927  3 56405.71427934 32.438
 178 285.280261  10.869330     1.338     1.392  4 56415.62991861 34.963
 179 285.285181  10.870690     1.647     1.394  3 56425.54555275 37.624
 180 285.282818  10.870008     1.807     1.727  4 56435.46120082 46.986
 181 285.277890  10.867995     2.024     2.021  3 56445.37685144 48.216
 182 285.274937  10.866245     2.192     2.243  3 56455.29249977 41.263
 183 285.274875  10.866735     2.108     2.089  4 56465.20814579 42.772
 184 285.276559  10.867026     1.940     1.937  4 56475.12378829 36.014
 185 285.279562  10.868574     1.787     1.838  4 56485.03942785 33.878
 187 285.283790  10.869555     1.198     1.168  3 56504.87069935 36.330
 189 285.286050  10.870403     1.500     1.499  3 56524.70198599 36.438
 190 285.284301  10.870715     1.714     1.672  3 56534.61763746 40.957
 192 285.279044  10.868933     1.800     1.761  3 56554.44892876 40.752
 193 285.277413  10.867344     1.919     2.050  3 56564.36457086 48.528
 194 285.278242  10.867718     1.859     1.849  4 56574.28021218 39.585
 195 285.281757  10.869805     2.023     2.033  4 56584.19585145 45.957
 196 285.286275  10.869773     2.150     2.150  2 56594.11148634 38.791
 197 285.283182  10.870486     2.074     2.038  3 56604.02713954 43.385
 198 285.279885  10.868981     2.121     2.089  3 56613.94278769 37.279
 199 285.278410  10.867821     2.034     1.962  3 56623.85843234 36.005
 200 285.278807  10.868190     2.024     2.010  4 56633.77407475 34.276
 201 285.282255  10.869721     2.245     2.274  4 56643.68971294 44.529
 202 285.279761  10.868564     1.959     1.973  4 56653.60536503 39.584
 203 285.277551  10.867570     1.860     1.747  3 56663.52101399 46.939
 205 285.274772  10.865887     1.412     1.621  3 56683.35230441 38.555
 206 285.276264  10.866584     1.077     1.002  4 56693.26794714 33.670
 207 285.281309  10.870809     0.950     0.964  4 56703.18358666 32.497
 208 285.285092  10.870036     0.904     0.901  3 56713.09921991 30.744
 209 285.281796  10.869492     1.107     1.136  4 56723.01486742 34.568
 210 285.275954  10.866428     1.159     1.175  3 56732.93051723 26.229
 211 285.273020  10.865160     1.271     1.297  4 56742.84616436 28.907
 212 285.274243  10.865887     1.072     1.046  4 56752.76180797 26.985
 213 285.279152  10.868630     1.111     1.062  4 56762.67744698 45.664
 214 285.284571  10.869869     1.463     1.546  3 56772.59307943 37.743
 215 285.278433  10.867960     1.663     1.686  4 56782.50873620 47.966
 216 285.272781  10.865109     1.573     1.577  4 56792.42438892 48.333
 217 285.268531  10.862060     1.731     1.636  5 56802.34003869 36.812
 218 285.270600  10.864434     1.685     1.701  5 56812.25568240 36.608
 219 285.273963  10.866036     1.799     1.838  3 56822.17132221 39.127
 220 285.278014  10.867083     1.492     1.524  3 56832.08695787 31.983
 221 285.283411  10.870671     1.466     1.490  4 56842.00259096 32.833
 222 285.284200  10.869532     1.198     1.177  3 56851.91822945 31.175
 223 285.280254  10.868819     1.015     1.017  4 56861.83388346 30.838
 224 285.277402  10.867247     1.117     1.048  4 56871.74953688 36.107
 225 285.276062  10.866516     1.283     1.100  4 56881.66518762 44.253
 226 285.274898  10.865972     1.223     1.209  4 56891.58083467 44.518
 227 285.272910  10.865605     1.274     1.294  4 56901.49647849 35.546
 228 285.270262  10.863942     1.279     1.224  5 56911.41211981 41.361
 229 285.271315  10.864833     1.286     1.279  5 56921.32776023 40.413
 230 285.275607  10.866386     1.508     1.519  4 56931.24339888 37.047
 231 285.282679  10.870043     1.661     1.587  3 56941.15903316 40.430
 232 285.285095  10.870341     1.929     1.929  2 56951.07467387 41.349
 233 285.281395  10.870534     1.968     1.840  4 56960.99032513 42.083
 234 285.277030  10.867086     1.856     1.852  3 56970.90597087 38.850
 235 285.276898  10.867044     2.014     1.999  4 56980.82161389 37.657
 236 285.280731  10.869645     2.182     2.203  4 56990.73725346 40.586
 237 285.286719  10.870552     2.503     2.503  2 57000.65288649 43.451
 238 285.283162  10.870869     2.095     2.029  3 57010.56854281 42.355
 239 285.278777  10.867990     1.785     1.746  3 57020.48419408 39.111
 240 285.276058  10.867237     1.331     1.322  4 57030.39984266 34.517
 241 285.275068  10.866629     1.233     1.245  4 57040.31548941 34.313
 242 285.275879  10.866139     1.140     1.195  3 57050.23113412 33.074
 243 285.279309  10.867934     0.900     0.861  3 57060.14677550 32.406
 244 285.283249  10.870582     1.081     1.064  4 57070.06241154 31.734
 245 285.285413  10.870621     0.950     0.898  3 57079.97804282 32.295
 246 285.284918  10.871283     0.812     0.801  3 57089.89368230 29.354
 247 285.278409  10.868317     0.724     0.736  3 57099.80933939 31.090
 248 285.275575  10.866370     1.206     1.218  3 57109.72499396 32.475
 249 285.276902  10.867535     1.116     1.132  3 57119.64064402 31.122
 250 285.277596  10.867318     1.470     1.436  3 57129.55628764 48.959
